feature_0,feature_1,feature_2,feature_3,feature_4,feature_5,feature_10,feature_11,feature_12,feature_16,feature_14,feature_7,feature_8,feature_9,feature_6,feature_13,feature_15,feature_17
3.3851554308261096,0.825273029599206,4.112647129828599,2.871625170394039,-1.3139989831930539,6.918632650079598,3.5696106782679533,-1.377265915454554,-3.466945220169865,-0.6106272796953714,43.82138205362239,8.568889218007348,4.992894930392653,-2.8096957466478063,28.79920442216316,420.3578563971662,21.354860434831746,3230894369085.6147
3.2668309385498575,0.4335128320069884,3.0083940649605285,1.1201868501268044,-2.0278892826418202,5.059313271233243,2.2823121764923022,-0.20059998496470854,-4.846993329263078,-0.5394417751489213,14.307817854820456,2.333099216679679,1.3674939771072778,1.8456921915257603,15.720626527414126,124.10800526253486,11.56920284924008,6751004.746365351
3.234518277435028,-0.31832471449349165,4.5440321700622714,2.3504008944683643,-2.464910377848031,6.290050019080758,1.6562345239133096,0.37498556091307733,-1.8038616428404786,0.605838969761394,67.8519230419991,5.6287874569958225,3.583671662181497,-0.008919534478531665,22.045722584228248,245.03847881604472,15.745030065100124,3769839519.0429173
3.744995593843338,-1.5733442666209292,4.278881727041109,1.2529977941234696,-1.8479012455227086,6.118601853377904,0.37817827027316364,-0.8825572079249371,-0.2367594354093009,-1.3080683152470562,52.36168577144649,2.2309711919552484,1.301155713927758,0.9095684735247034,20.602543216966986,213.19539588661863,13.492343874391066,890344392.0975261
3.4643092833905977,0.29226952314320365,3.584513956224633,5.546821960848714,-1.8926000978562318,6.683184808284625,2.409534410768117,0.010254999737722342,-2.625649029339427,-2.009610376265216,25.961558117083296,122.30367064533296,18.64278236102903,-7.032073796051065,25.030963505344296,317.25154625659064,17.024125042656735,74609910887.70407
3.383040691166492,-0.2935518357723707,3.955946557709604,-0.5408731276911998,-1.6363789911083797,5.341884226465849,1.4075005096905169,-0.8592748753605525,-0.7835607028341282,1.3501910116426914,37.93543770029186,1.2570970312102419,0.3663134841953256,3.8868903042242446,17.54312315628042,156.68721245123584,12.372518301074757,41770456.77203298
3.418903777968303,0.16234850877498788,4.428490316722488,2.0295629794197882,-1.9470784789206845,6.1274588226060605,2.1405608228036423,2.9147343801370855,-3.0754339090268052,-0.5071836639318531,60.63888733533794,4.017757370376778,2.565626655952175,-0.27670355596944196,21.752975235451398,239.20974013509615,16.458403073487855,2813094387.319241
3.450271369938384,-0.16170762539916814,4.2912350898849265,2.907034950120795,-2.0608729201728346,6.410327818055081,1.9617046893793277,-0.07483412502140921,-0.8064334727860478,-0.5502375200896347,53.19674633886644,9.0842867494703,5.093408872705071,-1.582759301911198,25.15282972288263,320.66810685686266,19.665489085283376,84279577247.1101
3.3331838049196225,0.34766148751130543,4.578862365793774,3.253457107567554,-2.4340662703079348,5.41356969303828,2.2228640577619214,-1.4605785468743295,-3.2745835102095207,0.05859075155456739,70.00936726897062,13.231523075099176,6.1407883642332814,-1.5308537796230959,17.614928869698065,156.43675508006586,12.899779597595003,44880052.563186094
3.5902165965063366,0.6141766251013678,4.274478482980245,2.3893809456306316,-2.6260512553040636,5.9197211505147385,3.1791592512042333,0.938647802555233,-2.1391023290198894,2.908179821690305,52.27363699741754,5.336816153919839,3.821352350115874,0.6355163406986558,20.728311714263267,216.88651815822348,15.459809243756338,1009667992.26303
3.5093816958501542,-0.9354850987954865,3.974266571978143,0.40056635348928404,-1.6040836025116934,5.045850411453274,1.3865911168111507,1.077564847188137,-0.4010253495116109,0.4577265762840439,38.16113404353184,0.9305542250278375,0.843665008619686,2.604206549610349,14.320428387451242,103.08253277931372,9.890728903240998,1664460.4909905451
3.2432832107127436,-0.5848289366411072,4.153881070939502,2.726410103187776,-2.8435455441283537,7.916944813663837,1.3274870961094116,-0.11882607102569027,-0.8219535077555574,-1.26193426390045,45.577666958779105,7.539531858094131,5.002766450303038,-0.15954838730606824,36.264689830416366,667.0586667466453,26.30625244987465,5643413554791911.0
3.388048139638825,-0.9902567827562102,4.619218835912588,7.356655569776358,-2.073623907449052,4.998882494009089,1.3475974606587433,-0.4551411278628463,-0.5446538170689449,-0.34585467053505803,73.03107372337632,746.6761703155555,31.69972531588644,-10.22738356475509,14.819624459398497,110.33330642628692,10.380241701275505,2740439.6922181495
3.200938961826052,1.2130057427976426,3.844657448338726,2.259139384023632,-1.817856926525158,7.1399408344596695,4.914657713632042,1.2994440491829968,-9.254405872339929,-2.3237543091658512,33.78369926684009,5.514850217120763,3.806680022017477,-0.8559490300076085,29.76810373876011,449.5631566786457,22.667595788917087,8513544024130.909
3.213752672107519,-0.6503289082834053,4.099647151728796,2.84773375939997,-1.6061011025639764,4.572535561105411,1.4525416231637513,-0.2561088707646277,-2.983847374377045,0.04580791155502473,43.558408397662724,8.380218076452717,5.663516207115236,-2.4523162509903487,11.159563185631816,63.24423307911569,7.391697490681348,70538.34291527908
3.2467785800462505,0.4847073688889697,4.625174728306762,4.013058145417757,-2.883835297518924,7.180599317842971,2.362187809634031,-0.16543419882834082,-2.2052418426143765,-0.5675948287441857,73.2513267949911,27.161564014990464,10.080499049200348,-2.0539148204275364,28.37018206592773,408.15574553632774,20.09785520075336,2103781915353.0156
3.307919462582454,-1.2790181091116188,3.7065523780874647,2.9467622228531347,-2.256859341785019,6.3558524973079615,1.1088526721726446,1.7448669195850068,-0.2960967946414094,0.3945299965483109,29.601149019295402,9.331967813413511,5.597921430111804,-1.14898370642701,25.350112985177752,333.9712950794061,18.797033906016615,102660028543.94966
3.367637733116081,0.9390836642933277,4.323999003936245,3.9848119947212943,-1.5795966985620415,9.424939973503744,4.105789532660248,1.3432722709453204,-3.140909526832894,-0.5301666308730308,54.04979070213996,25.731737474004326,9.51787740689348,-3.9693127121713236,51.98885722096495,1371.2534503204527,36.62468704975516,3.805931847914082e+22
3.518229593820239,2.221244156609363,4.433334201026854,-0.051940433483202764,-1.709297265083249,6.011615061625004,12.505712066296049,0.9011374029038656,-13.455213850500893,-4.102486670994173,60.66250167315219,0.5562917168786294,0.640579489024462,3.5860351500371097,20.087902858167205,204.2592470589652,14.111698244711299,532172689.7634127
3.509935498324825,1.1892759225345475,4.353958783973795,1.6121816797484414,-1.0367447530671101,6.585648447737875,4.6110317517622175,-0.19584492224597638,-4.273428593072962,-2.5500545082737855,56.03968017563586,2.667073048028291,1.5407272646878563,-0.36458652561869886,25.753619310017882,335.0550740796093,19.058719595985867,153688704942.13586
3.15187754749297,-0.29463975244557544,3.022567768614354,1.8292414139517374,-2.216798600795256,4.529131835450365,1.3410251066109344,0.6857293736839492,-0.0038012708118702054,-0.5608464318096034,15.207030227425424,3.3386211561374726,2.828274157509986,0.8101051841709044,10.975261116354151,60.47064064863041,7.420973567860945,58673.786793645784
3.5152931561157965,-0.5168044369206725,3.8926320922715614,2.7587181556415517,-2.782541600455535,8.686806980380851,1.0076391056951355,0.003310292554800136,-0.13472218162282656,-0.5524290626995157,35.77979868989261,8.331713699708352,5.25409036431791,0.17572059197945622,43.338556049821456,951.7488674100953,30.385408199385303,6.663201422068785e+18
3.305175701635296,-0.667370854582378,3.1918571499432553,1.5637101398577837,-1.260063296586761,6.994479797866438,1.4634487109898493,-0.20344240536742442,-2.35475636813993,0.1372091282842517,17.580725023647492,2.893738792062889,2.219479013490438,-0.6138671330203394,29.0199683568652,427.39530782004107,21.82645688246528,4029019024408.87
3.20298386440532,-2.266515802989924,4.607565845394934,3.6639264826081988,-1.5911765847631316,5.019544380758911,0.2129205787076312,2.133705847860697,2.8773275338428075,-0.9260546054689512,72.1837642339851,19.18060403761193,7.871362716591872,-4.060740664943732,13.706613944954197,95.46889858305394,9.733195396452045,900897.6549346264
3.4813044655037655,1.4635897873475485,4.310689814875948,4.808608538936774,-2.2299264572728403,6.129157155581863,5.678507059118934,0.21028062158438793,-3.705636523549891,-2.7001506429006024,53.822886183205874,59.11997302024115,13.553779455234977,-5.3262157893457305,23.077210205578233,270.05926314415836,15.16231673428818,10575288903.718315
3.6904256869441543,-0.5738404618254759,3.092730469822829,1.661764759360036,-2.410370790651244,6.263031444398571,1.0868536910781412,1.4928586906567742,-0.819240401376592,-2.5338390504976847,15.996968217678258,3.1690073126401868,2.2861039430609447,1.0803526439608537,24.922242896504518,317.69270615402235,13.606045828566455,66923672036.934685
3.4587570857530783,1.068797977885237,3.3981950010375788,2.3735731111020004,-1.7300267848881905,8.830115647257944,4.5081245913966255,1.4069022706786327,-4.134864347382546,-1.978686876737628,21.675130423231025,5.657457347763763,3.390758005075263,-1.072792050175164,46.245600068207786,1083.923656223499,31.832734795581587,1.2195401914611899e+20
3.54207886596005,0.07638659157013292,3.4584510771729193,1.0606775234880192,-2.548127445479876,6.483585959685172,2.365822890472349,-0.5055412702274216,-2.633847671632811,-3.9275675813805746,22.450502357174315,1.9559223845964344,0.9447111754007008,2.861098112675342,24.952125093212047,314.81713941547787,18.62145238869882,68953677846.44214
3.4046960978422423,-0.019274192530598915,4.507505600396923,2.2671453477436643,-1.2709897127988627,6.392746784749092,1.8057580209244857,1.3979381210554713,-1.7179103276268182,0.49295305853194604,65.97346710606031,5.0789826860637906,3.5020415287588764,-1.5258499267159453,23.33550865338276,277.43604825183183,17.20777702476483,13692092861.366182
3.228865423295194,2.151132417382286,4.5194605905779435,0.2519542384805957,-1.5004749189199373,6.044075374406201,11.915437004326671,0.3461414435136962,-11.94179593867918,-7.115962493583622,66.79312226109131,1.1811488545874957,0.4096560335828681,2.1864656956007895,21.864636801561883,242.26130424549524,14.328913127836524,3145417562.927686
3.5657106400673655,-0.9776757572967172,4.376380831869431,3.682475458274106,-1.525463032214836,7.278042457757801,0.7504811518358268,2.02725092357139,-1.3528320240167662,0.006971389139787426,57.76297937135068,18.965071061824784,8.100383717739767,-4.249120938705514,31.845240942483986,513.5835945539922,22.37970312509713,67951588219986.586
3.1919674805792013,-0.5995722660122097,3.6767860281584466,3.7953180524078474,-1.8514553244996559,7.4904464424647905,1.4050286284841706,-0.11341659796431619,-2.6581436235220677,-1.1976006561077441,28.24359005028337,21.26375473918468,8.93504718570367,-3.3079149099725123,32.577123591978896,538.2036002516048,25.069520124043745,141270736055079.1
3.4069207451070924,0.7565745896097557,3.6550058896401936,2.7023956672301317,-2.3831512676282367,7.291579585990844,2.9918919245359517,-0.7121789508363978,-4.417324875270223,-0.012971433183796899,28.29798359987525,7.808933950330671,4.605016546594954,-1.2978456409843582,32.332058925904974,529.682288403888,24.518728922585243,110566096124572.9
3.5416897037680313,2.3135302388459573,3.014338627903629,1.1136723697081303,-1.6020236141603337,6.491063559115825,13.565710252010097,0.918275149733209,-11.321237406023902,-6.125421675310563,14.872320224503648,1.7611838690951134,0.7840007440623394,1.2773423935103003,25.800751917286906,338.6433863034996,18.87180896921389,161105876594.9625
3.320450201909642,0.2578316671913854,3.363465730124248,5.2807829223401,-1.8873106580344035,6.3517158602938295,2.3495637838343275,-1.2589788577600785,-0.733394532552293,-1.1245020375259882,21.24967911047058,94.03397902692186,16.35884111600756,-5.861316344278596,22.727050773528408,262.2844271533977,17.30057342437186,7451091988.699021
3.5943010026556235,0.9624973819679592,3.066830511249731,2.1085224884021327,-1.9599029152124168,10.19013556745664,4.3962181467365635,0.7515529708780395,-6.259923104109861,-2.735794476207887,15.685267514515338,4.516964846127579,2.6702037750461747,-0.047186029136145446,61.24239261816773,1901.7332244426455,45.3995927143973,3.973931422563467e+26
3.314980242493809,2.380367408788286,3.6968960706185365,2.146646506604009,-2.0848970924829864,5.888023484523771,14.576460798652896,3.4210444160017626,-15.350813137822906,-5.530794386441532,29.667987304831772,4.128811326938804,3.474299679300154,0.2836639403364313,20.55125881216275,214.2487142535651,15.42142956664333,845834680.7298511
3.6992459087294103,0.03368109976432296,3.799453311367994,3.316572027909956,-2.132031688295796,7.033909239525368,2.0921180329512725,-0.44443792489722844,-0.026978100017410078,-2.5358119591361756,32.19332859562991,13.754134094291816,6.583815455784433,-2.1666601979708897,27.061174691648727,371.6367739418117,20.66646712659575,568206291352.6313
3.508783827377167,0.19156621089184067,3.733569788952978,3.3338047838281364,-2.5915713732485557,9.825975243589486,2.0041697291088187,1.7470030539510637,-2.570959012860841,-0.4430657226568384,30.559796349157594,13.499174879303585,6.809314782227348,-1.7995805195629422,56.283182171883816,1605.8050837778496,42.16528449129342,2.789090695607396e+24
3.3352318012014672,-0.14100632056587822,3.736010298523421,1.8131314020586276,-1.2900345305981566,5.937177285955256,1.9905547163439445,1.45357694813327,0.13031363712135424,-1.1212511370220266,30.371561735218066,3.1999771488350737,2.7331387898506563,-0.24684912240162904,23.97753312238197,291.2225437534735,17.201781046779143,26019414537.35619
3.8731005921455326,-0.06674086856764799,3.288292364093755,2.5831104374408143,-2.3865107746914775,5.733636273761325,1.731300525101735,-1.1268001005230193,-0.6571246922593126,-1.8865046746957366,19.035499535334473,6.945785705607116,4.124971800225524,-0.4443888768900164,18.574379606579935,175.15906170209354,12.64190210413287,117148765.63142371
3.2093231146620895,-0.8288473933028906,3.971606317046433,2.153597042316338,-1.9767810772516734,7.1944919046565,1.215312652164854,2.2842500035687676,2.0407952133273004,-0.45089216415439826,38.671927166913754,4.3230464044214685,2.9762066434670578,-0.050528233756231056,30.187292449655065,464.9676863271464,21.177872503958987,12946778864293.96
3.2506858622911277,-0.6080147994436043,3.1581553830192295,1.8626044258550534,-2.113923825471995,5.416740648649694,1.3585578222891626,-0.21390954858533756,3.319233098340085,0.10871681864475652,17.382127454416867,3.5267196830673013,2.6185481491300857,0.7861028084624277,17.4145007859389,153.9249555274183,10.525735398696533,36728970.84648451
3.282646724238902,-0.17401641085602612,3.0083403200096708,2.3376464222838,-1.1533542051689236,8.435162543312629,2.006289255826677,0.14767349573092967,-1.3927272106806106,4.818143540308698,14.747237575725173,4.982787112519316,3.152643413275021,-1.6638461688474941,41.002968119424146,850.9461162869887,29.68293158576016,6.446886013718652e+17
3.467358887107239,-1.3158607183955433,4.625754320210534,-0.31696647952297585,-1.9432979090476599,5.491658738563435,1.00982237016409,0.3915018496065733,-1.2699822955905784,-0.07368215840579784,73.21869184439525,0.48940104615230595,0.9973196863625895,3.991704316629008,16.704875157162103,141.29782826890658,11.696793723588272,18064398.67616886
3.357816903414075,0.023526380521428067,3.772701197650505,4.7012307709824,-2.1550543425748248,7.464593418213335,2.0294622680718852,0.35042110862636516,-1.1101675697606521,-0.8380563156745446,31.476580331433876,52.708883526755585,13.58944784147633,-4.625547868850463,32.694014602975976,542.8335764458927,23.17840938160281,158787872171152.47
3.216903156611178,0.40506000424886757,3.622573685166847,3.0469861441682653,-2.3001071230877157,6.232030434286217,2.607856588506908,1.5057034982432957,-2.0409894602671534,-0.6337657692783738,27.37273661103707,10.276179019059935,6.168019158186168,-1.2387575329905167,22.446826021371084,255.59902002526292,16.262395750793285,5630148778.657589
3.2641357927795056,0.9743503997878724,3.448929482786176,-0.4676736802050856,-1.6201945328768907,8.66769224111045,3.77326285216303,4.293188576865917,-0.9090219075585328,-1.3744542061630265,22.456626640235292,0.8951176612923337,0.5040938068940839,4.080081613484509,45.35977760640771,1043.4231247360128,33.581708344013656,5.029077293621643e+19
3.2265447412116433,-0.4131798048501671,3.1883820286037543,4.552838495834235,-1.8797929248629306,4.434040968632073,1.24730399757854,-0.017413414939977487,-2.596713757698315,1.2620003708733654,17.17944975972097,45.38089584731475,12.822306887110006,-5.438129318161986,11.03864794928931,61.854949380586476,7.839575191256372,62423.06710502173
3.477637464208572,2.0293778555406274,3.2959508245903395,0.8560177634915753,-1.8412614185471943,5.072174946448893,10.027172807704503,0.30902006598642556,-10.826408285159978,-4.2862824551461784,19.34616621852805,1.653986554420071,0.4606713705007799,1.893191637830377,13.600516686462319,93.3513291797024,9.602618309172737,810244.1902164464
3.2948771321918535,0.03412038717261948,3.2983549578660045,2.3716038138843127,-2.112602969492745,6.850805780110367,2.3045241070906974,-0.30772112026438375,-1.4764602275565615,-2.6186320869583617,19.64235153502867,5.518733765480597,3.3080272057410127,-1.029497850800135,28.106138069434532,402.54441011208985,22.54606585488797,1615577762911.8108
3.583519711051237,1.330661265110007,3.6173638344686783,2.228965830534899,-2.831379898295686,5.777077794885944,5.905758232343499,-0.36458566081172733,-4.564740634339213,-2.6601265364474607,26.68368337247827,4.55366699043735,2.9369645665357487,0.29984241186818467,20.145191925743728,205.02716109184678,15.657845623086137,563550552.5760502
3.2590417000514136,-0.7779931079567151,3.094370206822059,1.6104433110760072,-2.3008550996009487,8.017839208494324,1.564591425663843,0.6455519192047038,2.4188487788255544,0.16984150845300555,16.446201415619548,2.562191165491753,1.891982579402432,0.6819499444587086,37.477436601725934,712.7516413203948,29.588067234109182,1.897715512574918e+16
3.1436326177964173,-1.22913970737455,4.299464560122418,1.1229996008744385,-2.463977906300938,6.6551856860844465,1.1889638386054782,-1.0877613364138945,-1.4231358293496414,-0.5443398552358811,53.60551818520356,1.9508359532421249,1.0797917808188502,2.141066605830167,26.622750706358097,359.6746920215521,18.612956738021158,366522736615.6251
3.3103270407806935,1.5944538731345457,3.202649635023019,2.3197139072181048,-2.598865867796663,7.858928523159266,7.294140435209116,0.1375055273817532,-6.872078973577508,-3.118135331454052,17.766079884688583,4.963096803411036,4.032002645046983,-0.2597748171982506,36.63254342910483,682.4800058052701,27.01081387656518,8152647501618129.0
3.260075721381798,1.4572545550286233,4.581887085453428,2.4874581373897935,-2.0284486073109087,5.4022588058906225,5.789869263287747,0.16185328545830846,-6.032604318515742,-2.0216471075104354,70.5002234985513,5.737710205257607,3.615014251842712,-0.5503489295720211,16.47889772661253,138.70311075080264,11.224923110015927,14410569.564800676
3.424756802528589,2.1195005229721238,4.057011020901104,1.9374235159275834,-2.0732212231131855,5.693785491345846,11.449527701928666,0.5961772111166838,-12.942825892480693,-7.256542958268225,41.565169244160906,4.166508502628217,3.0034210307751357,-0.08615526624553771,18.13766431521604,167.19710275428002,12.70728611225418,75696300.85364836
3.330213600571784,-1.2070880151219148,3.6096241215227556,2.625821681122484,-2.3080606279930946,7.131133212690884,0.8236649734132335,-0.3081482319794935,-0.24790841089464508,-0.37270109703758414,26.284250884642905,7.552071776786565,4.469445349969622,-0.8077058839866244,29.567495330001066,444.69577904312763,23.53110938836611,6966060808279.572
3.4345772542282926,1.3596165932861253,3.060537816505064,2.717833021956247,-0.6265825426971157,5.790630678148785,5.124505180431808,-0.02521854573753579,-6.349140126781391,-4.825712006769434,15.644214603263158,7.519611794546357,4.456182361709814,-3.3770964948761293,19.83421873372749,199.24831435717206,16.04422717566656,412932367.23575056
3.427621026509085,-0.9715893101012341,3.573577898832226,1.6850169938167658,-1.6041892158886235,7.529515820596238,1.1709770158811992,-1.5091565432121392,-0.012968536746201575,0.4489198224866665,25.297375723788857,2.7305511350022558,2.5820609430878583,-0.35633767020044593,32.965525760206795,550.9319837662857,24.46431021835225,208321035850788.38
3.2404472817650154,-0.2816251934464561,3.2204584508044083,1.7713156061863469,-1.8086539224599578,6.315877260598436,1.6693477916939452,0.9543735762460704,-0.9171960580955522,0.9556492955018272,18.70324798803832,3.5100541724157948,2.430835187259735,0.3349039095739735,23.266166602249363,274.398904404673,17.9982887022632,12774825187.350533
3.415613275064173,-1.0400137369125968,4.3821392759825155,1.549847816529224,-2.754982976355677,5.020582157356227,0.47252968570560006,0.5044454454525656,-0.5319425008436474,0.24264902985072276,57.829014123103654,2.8254448372295773,1.601665707893059,2.1276324154545767,15.706739955968898,125.315231886989,12.096363178570744,6657915.2110911785
3.3041929634487976,0.1323468093336863,3.651335752336906,3.240855298369493,-2.594189699067012,5.181572463584955,1.5231574708839615,0.20107069330130692,-3.20987062331674,-3.9031324421266014,27.67797673343305,12.338776712687057,6.674527258770969,-1.0363116254394518,14.700388925869593,110.36396890421798,10.456807356650058,2433774.288401651
3.5330540882875896,-0.2942011712440111,3.24659213799089,1.5445401161571026,-1.789255446448239,7.827684011022217,1.3154629268039058,0.34262020261807374,-0.3253825427193352,0.20408544560927028,18.16422713009285,2.4411157643371744,1.3865304699616487,0.8792802974151666,34.792557454513414,613.8306952148547,25.684058671688934,1294800652144840.5
3.20410018901126,-0.94343043284533,3.1706232866921455,2.2858653995459948,-2.4494973509632967,8.657051587168954,1.3385440597534188,0.5981137192538956,0.12018323453578339,-2.714204197785893,16.934463414189317,5.458741842568916,3.836688508109904,-0.29903962184997335,44.377219215364875,998.3940497748263,33.38988224241024,1.882645814529578e+19
3.3321799558064233,-0.3211234882573149,3.4177197770963947,2.6448343036196085,-2.681540766399795,6.324422274889388,1.272152305414381,0.08078139252499171,-1.6928362858070871,-0.003542010801012463,21.769156237548728,7.485885841088659,4.726763821532784,-0.38403334183635296,21.73559257128333,239.07726788645934,15.585141082762012,2764617850.210825
3.2009878909355494,0.9102856233959524,4.366415234683799,0.11677765645882099,-0.8288520464626523,9.778738461511832,3.999667903125639,1.3232015480902901,-3.891670491902617,-0.03977801368889611,57.07543437105031,1.3661945122973536,0.22558912379019966,1.704483089138089,56.41406532162811,1613.9905707355401,40.48797442881393,3.179102031559624e+24
3.469181691302655,-1.1938364063858826,4.0124057594673435,-2.2629963215144686,-1.4848111171407599,5.630725555120539,0.6835691057328104,1.3226335004377296,0.10968147898329544,-1.5352516159910956,39.94763118429222,0.14070613970462786,2.96853330612639,7.0047606901481165,17.67949808991648,159.66854179798023,14.244777118598998,47874569.3435921
3.6704925159951003,-1.7443818372748776,3.3246171067173664,3.947837926705995,-2.1280105203041995,6.474932752286261,0.7603108897919024,1.2492449163098338,-0.004397440251597384,-0.638588631181888,19.77411032036091,25.42871770504827,9.582028047312402,-3.1721494493504876,24.666997782192944,311.2033884294255,18.016977332924725,51847547382.67633
3.2773850603338737,-1.9770386898317183,3.6668019369249203,2.7303595923426394,-2.1542466811609544,7.054182570882142,0.7527066079428808,0.32735200911677015,-2.2515240829043814,-1.593488838416985,27.961946146589803,7.510910378734524,4.625730470262104,-1.4489196127808672,27.979699660343822,395.40678811376245,20.01370702955533,1423693045097.8535
3.3321944679340625,-1.1313325836179224,3.7741340689048677,-0.42446476309613024,-1.0170196514607253,5.228971082479977,0.5876562528626151,0.8207590903840782,-0.6490924835957327,3.4722950319368544,31.055929919898034,0.83261166953847,0.2755486922581354,2.632314471773497,15.715935456728218,125.7245508831131,10.188210910846074,6719418.640559058
3.202461839845291,-2.282496459208374,3.155240383609322,3.3335710152260107,-0.7237478384606022,6.765752515318974,0.6886790506355523,-1.2618340822896381,-0.24459811440347667,0.029287580054504513,17.293560944844927,13.502994885988608,6.816453122244365,-4.266294120387963,27.64831760642932,388.25273233220696,21.607778406055868,1022113127170.93
3.368794811731389,0.7743632978697842,4.292806150356449,1.5545567350833873,-2.3958894744771397,5.8566131962532015,3.6254285739989736,1.7877149261489285,-3.534265306963529,-0.7810002076725033,52.90336347901546,2.8012898352626245,1.7609914506545703,1.5687947049104398,19.996722491441883,202.09837804803556,16.2865062704599,485795432.4365555
3.4590154230104075,-0.25694073407230533,3.8974588504248655,0.2945968363516349,-2.016964627589455,7.360725784373505,1.9936970162089303,-0.14827458241468236,-2.361439795352684,-2.008198895297845,35.35052754048208,0.795995205842323,0.25265968779446046,3.3246533758322507,31.371158721345793,498.9096049127805,24.09877056614532,42296878650001.0
3.4443163190447614,0.29464846596186484,3.5492327356778315,1.7251365585307425,-2.7122812210255596,5.305812571914686,2.1319436056883654,0.522244894161727,-1.671214126046611,-0.35163735396144835,25.647857875067643,3.3129210148235138,2.4081818088961535,1.8729561599658022,17.203834536623766,149.89407782687758,10.947550768941099,29752098.39708576
3.3155856155613206,0.27558832225537405,3.1982476778308238,2.1408864295587096,-1.3547506758552954,6.8604783533704,2.7262632324588814,-0.8782539971971773,-2.2359521307824206,1.7651407458625994,17.987750582914572,4.833908590566483,3.542327868079219,-1.1978397850364229,27.367943842870595,377.44995871722165,19.33328036241957,772207806376.2452
3.5973438362903676,-0.5057594842638462,3.8354611635861118,3.5115163214891236,-2.5557298447338876,8.338968485147777,1.082585694262574,0.19237934482641086,-1.641936473922763,-0.658646027933013,33.84580565502008,16.605773335992236,8.002217810379308,-2.3142773560336045,38.30944006721704,746.8808842029198,28.138060039583106,4.3607945039825976e+16
3.264033574218352,-1.788932124947699,4.10576256648195,2.05466230550688,-2.161056675111392,8.722780811833175,0.3363098303699693,1.1782980677790824,-1.7872101328403185,-2.345386589090483,44.17029248706252,4.144270037711001,3.197869348541694,-0.17283263729059278,46.634421729441044,1102.1142088016313,33.50353912994105,1.7991162222543785e+20
3.374573416105062,1.2372570858493266,4.199730623196345,3.906617984569893,-1.4004607688323791,6.055141414950965,4.775597368309943,-4.82238109813831,-4.218906591039299,-1.8402123319417236,48.17741476558223,24.177793051215797,9.426422859953052,-4.195280608871786,21.491401308840857,233.5175549485335,17.565010827990157,2165629618.1525426
3.795339453434272,-0.9401361525881375,4.356418547616002,2.519445379130725,-2.231443063594829,6.362596756760608,0.9450752185847933,-0.9942996011071547,0.07244036069361148,1.9357866998657127,55.81672989857077,6.310118039949174,4.094499001442621,-0.569274023003187,23.628841846094744,283.3607729339874,17.41899400600343,18359583428.252277
3.4010218417342126,-1.4208308985810982,3.8775615882115066,2.9247053703463117,-2.3755548199802075,8.978383749653615,0.4872451975491004,-0.3682940846325387,-1.7460411065867625,0.736987526995427,34.77431525392982,9.738666739651773,5.271930723683008,-0.8508165533969366,46.76922376953722,1106.6263247984375,34.551230206479794,2.0587471059723348e+20
3.4380443632192637,-0.5695682489246241,3.9094622968529995,2.5131417209821465,-1.7307686740796298,5.509132798921697,1.3422710932154653,-1.1636132170192806,-0.598972271136845,1.5627023523740056,36.080673502557346,6.470197853406734,3.656289502237011,-1.3654944782052172,17.961118324513844,162.3787737802898,12.595603600652773,63445626.573372245
4.032779634079584,1.011023792180033,4.070514290759643,2.4887190934396344,-1.5932344079703922,9.977455319618297,3.87863848178979,-1.908747483463447,-2.9228774512574507,-2.56529677981434,41.52280977143452,6.499205862454471,4.401700399275583,-1.4824572579095296,53.94002029692595,1474.8959824087701,38.817857633524774,2.6781837115456762e+23
3.334800300716962,0.0203180778057851,3.607664595571824,5.729502070079137,-2.925443599853149,7.915343562420555,1.9904105070106408,0.9812106580020559,-1.4726752623065482,0.3457587429715242,26.93314151068856,147.05761002543406,19.33666353452052,-6.128889278903957,36.87365834527802,690.0929432027666,27.31502570683172,1.0375607695886676e+16
3.3216302273094045,-0.2446887703399994,4.316834654432657,2.0779207721167934,-1.757658888300289,7.266434703741766,1.13829441609692,0.077627890341188,-0.7936004019332729,-1.3913792491608645,53.813311499933235,4.746763434712499,3.0643254889139238,-0.5707944192206446,30.812726711453376,481.60904288654615,23.89808735260816,24198273379341.312
3.837707859330761,-1.3889943822350475,4.591381250024952,3.0339222064331173,-1.7417389637051393,6.913368059106375,0.7136291197590714,-0.9919325927032607,-0.7177486828155171,-0.2800898395110968,70.98203123570576,9.953320771644298,5.593936851436016,-2.538320530818721,28.594013574119696,411.6003828465764,19.932957003121018,2631537155735.2183
3.2371246739379167,0.011878578037149822,4.454267998265291,2.8094657769474107,-2.554631517430428,5.5540293804523815,2.0972947607539476,-0.6295080651668647,-0.45027068221330346,-0.9308785558986994,62.56139044475533,8.485958029042623,5.470918327263586,-0.5238416720297723,17.491668386625676,156.02221838415073,13.005799855062161,39675468.78985406
3.366591301526107,-0.7571000242462771,4.111592307658043,3.343093361280408,-1.6246247740845157,6.330064713756028,0.7283106987989552,-0.5991370243758629,-0.91365742591724,0.1481062269202939,44.01536646217568,13.709220215126429,6.66790489201056,-2.976681749667806,23.132948987285914,271.1877012230597,17.671427051249548,11181479960.033144
3.156981373191806,-0.5086954253011843,3.1987890721842325,2.0781333407032774,-2.9306068264464296,4.62314419641807,1.4781416699254126,3.293825360137794,-0.3988538377971676,2.195256517891411,17.61516170059204,3.9997517722243634,3.073744073961916,1.427572771628683,12.874218257643802,83.85145185181744,12.400698889572604,391907.92501905776
3.4826796294624245,0.67610912860522,3.7959949781487365,2.391254718756535,-0.862568449074717,6.45133695744671,3.270091432993336,-0.5660520658593625,-1.878382557074941,2.3543376437572983,32.54691417840574,5.778826240628625,3.864686290003291,-1.9564593775154786,26.57402449570075,358.2666502453364,18.268289819777973,349091597870.78125
3.4039140026304078,0.39967056243667687,4.022827180303404,2.4922322639598438,-1.6638642417357938,8.465795402359111,2.037340937220837,-2.722038116321827,-4.751895525703393,-1.0488325963718652,40.33736781871853,5.97053255808847,3.7321925162134777,-1.6830480310976437,41.243034289300645,861.2609913150405,29.79292630713852,8.196140686832992e+17
3.333289674357979,0.4312818021293277,3.8974973194732723,1.9076547203848533,-1.265417056939174,5.915675529967768,2.0292732694964952,-0.598973939289194,-2.7648237735728833,-0.9154031153895734,35.27755674544375,3.4568721568881013,2.418383528240346,-1.3099399933005718,19.25907516214725,187.8229514460243,14.615073985906998,232325698.83328074
3.403173050363896,-0.6581759404650113,3.806287762931228,1.6463255071526715,-2.7388384082593737,5.189089234429947,1.6662113654932988,0.3209875919576233,-0.7460941255363365,-0.43059314452003195,32.04247339772392,2.8841067319578135,2.2905416304757553,2.1456567301472855,15.387913405871704,120.60788724778376,11.668280542384652,4840310.119908007
3.4140660975824,-1.585459412220526,4.040061705955109,2.7347342927843403,-0.9880002738074558,8.84594930179064,1.043668276341291,0.3574151182094315,-5.00733846192271,-1.395603505869418,40.87895664723237,7.8687118686108235,4.388681599012346,-2.7828949355393915,45.311740858999684,1038.9798229451494,34.66072171717369,4.793207345192668e+19
3.291615328822415,0.7750586783512504,3.5840805707638035,3.1991642164756398,-1.931345839706419,7.602901650062667,3.304993815965575,-0.053608835114262385,-2.3902810916025388,-0.18523682330770486,26.408401772072743,11.827128457516896,6.6584755332268175,-2.5799258041763533,33.863284523297466,581.663869473233,23.930735531580584,511239973025438.5
3.394737111081862,0.3875382120466747,4.311242123656888,2.9244912835488375,-2.1168131809665707,8.05802420196859,2.2098074488319046,0.19025434349693093,-2.8399692399087697,-1.6084930662610386,53.685204230981945,9.314036992272165,5.591900944419861,-1.3840449557782164,36.88345732324594,689.6781801455525,26.83782765458881,1.0477777810926288e+16
3.3681992306324875,-0.17652552756152298,3.3424913377753467,3.360106855029945,-2.0515083630655413,6.322951053386893,1.7043664628704605,-3.1140645471242365,-0.05919372314979965,0.22044074479006992,20.849827943199983,14.101064563540655,7.284651741072033,-2.8962797189926173,23.407827884878756,279.10949330852355,18.065451747920537,14718978758.805655
3.2395565764005596,-0.8012297283756178,4.583789802010363,3.4696240702237175,-1.9875661246225071,6.213006387681329,0.7114899001983681,3.563487466420642,-3.040474558694055,0.27676045993828213,70.67298959082672,16.054467270129187,7.208627763175865,-2.3638835953667328,21.953581960622884,243.97026504680198,16.20041621716012,3438006511.839126
3.3910576592685593,-0.23784894221870634,3.457376510895378,2.3827091300676684,-1.7495425389865111,6.780843776713731,1.659761292874765,0.5116501056709939,-1.3830455851337968,0.5721612531739196,22.655666944618915,5.515977361375903,3.499565302068907,-0.6872871870076591,25.771392299365363,335.85201843818766,20.60918789589642,156444630633.98895
3.345280678959481,-1.445090879262678,4.516929765300673,2.35785347283003,-2.570852935631022,5.63954123618729,0.38887278998138464,0.41807664353402335,-4.690369931192742,-0.13798896709714495,66.53255722768407,5.481703544747684,3.5791773878107387,0.4510672043390829,17.620096785448844,156.31298022090363,12.371536538980113,45112605.70333325
3.2781102204878017,-0.015833764064321666,3.648523641928579,2.921875698321983,-2.663198998613,6.395686398262015,1.9786860425953179,-0.1560585038742785,-1.2910959682095593,-0.5929478516036104,27.969316153930993,9.266399964231042,5.704099378525748,-0.3217303645737679,24.391176886036998,303.2446833979115,17.077394906851787,39349636443.01758
3.3719726238436616,-0.15445049051513465,3.925676639210459,1.5523586007082617,-2.908357857705009,6.058293706240672,1.6987457336071858,0.7538595742889151,0.15325539396226984,1.5361322100809205,36.351947121692774,2.3591837621539034,1.7383913386849588,2.1527273033526826,21.723493401337077,238.6384277037454,17.043516423783505,2731369827.4506326
3.594087358022687,0.03682251124719066,3.5867357175314636,2.1763553077605593,-2.0066108784173755,6.380247289707981,2.360687160763613,-0.7425562022696135,-1.82833364048819,0.37753172172866056,26.49944886713044,4.202394017679621,3.4898266452147917,-0.5927010519377187,23.831746878925458,288.1401929128711,18.008611642707827,22489684307.34327
3.5655926395588153,0.6491821284976877,3.7922807080826835,4.547045495502839,-2.352729107575,6.264732125537029,3.16036910266557,0.5778700484445989,-2.4147554996938174,-4.364575201178757,31.922654132228484,45.821682559447346,12.225730983961098,-3.9638754873848385,22.980058616827115,269.7807365515798,15.898106826749023,9596212187.60314
3.4802937922931125,-0.6968076806484012,3.6457936246889666,2.4369026635658897,-1.8735571577928587,8.187832457267831,0.9310569806765041,-0.4705790035418341,-2.8693749771930417,0.40834728390042657,27.297820917965304,5.747644816351054,3.723026100916582,-1.2154489352928106,40.06142884504449,815.9384678159896,28.03152414771916,2.5144597045739235e+17
3.215190594575913,-0.4705733583586301,3.347573626652967,3.4167007502989697,-2.768801949150764,4.555222092351548,1.554528403364216,2.944088026488059,-1.9535920705351735,0.12946182054437338,20.897756088090542,15.22215731549073,6.945063508795144,-1.7034927930835684,12.048442154573326,73.21214096259008,9.51780674687652,171585.51579663163
3.195049292472167,1.7189819366504018,3.4143836775259238,5.684965944623734,-1.5403749865464647,7.951497328108357,7.957848576472166,-0.5027834250065103,-5.65743596867695,-0.9092970094480162,21.618000994121356,140.41781793875865,18.805389083796584,-8.079206035948491,37.33016993958213,706.6608476465432,28.038978453466743,1.637849562142095e+16
3.285248117816225,-1.228973172804015,3.969925680460939,1.5933665283453222,-1.1230545752179446,6.947808269985202,0.5871903107933115,3.0885126372586487,0.7296879842792154,-0.26587435750425625,38.016359980078136,3.052666715305267,2.4419700171648353,-0.2430065019991804,26.983443221048727,368.2111344122557,21.293678164965524,525711756571.5547
3.263217198982293,1.0701959475864384,3.7966271323077807,0.5338961708777166,-2.6824627664263505,7.662692377812421,4.799478779541672,-0.9941904729254261,-6.457283110602008,0.5478021903182877,32.63483632399917,0.8484293922732965,0.1644317354542473,3.7799886450712483,34.96878826295691,618.8463532097257,26.23887477955194,1544325978326651.0
3.3712436218205792,1.0210302584058943,3.409730034097094,1.7337529640024802,-2.7103145338905614,7.792154570078717,4.524276552654238,-0.16507396765633514,-4.1121507281347105,0.8875568162060896,21.59498824145668,2.9338476783512695,1.9247636564780009,1.6003939294560805,36.47013932128568,675.6457059803079,27.58607532613716,6930546107628812.0
3.8318843847593635,-1.547542388860659,3.676929653918446,2.552495349041009,-1.579632315665897,8.10706350716513,0.5575550826344928,2.6148843305672522,-1.9479332781103,-0.15420511474818685,28.235558003300355,7.0970669406555045,4.745452417646778,-1.671202839502479,38.094492335478286,735.8843413320938,27.718681660659357,3.5173453202790332e+16
3.191066939428884,-1.3079239791956894,3.675936406024451,1.842990363543473,-2.0077855320857374,8.970195829541755,0.8380014480316333,-0.30501320138011445,0.0535521622694346,-0.20159918770803328,28.83091663521689,3.213959129043972,2.4458509640551216,0.5847347488317229,48.761746794578094,1204.7318003329985,32.50840535970151,1.509888079939904e+21
3.4483701663647675,-0.8713122300621134,3.8570827047534757,3.160161392672981,-2.7564394915831945,6.634660206176165,0.5490399302628041,0.05489151781766784,-0.013201594288790197,-2.3966839817885193,33.728844034543926,11.553268747774414,6.0300790020431325,-0.7378464340714727,25.494543522142163,328.24760117979764,18.02422852707179,118611491184.70053
3.5342283490326363,-0.7443437773587325,4.1835427692097085,1.1687328107899178,-1.8605423872663052,8.502505123910268,1.5070712426785946,-0.0835750847200318,-0.3864831944749307,0.6000583082862379,46.91643272966134,1.5420849227655276,1.7858698202877905,1.270459000015488,44.309772259876794,995.7110021348025,33.17336191987432,1.75985457909391e+19
3.4878356048287196,-0.7260294048083082,3.8724162227503873,2.3745755101568133,-1.638865089824041,8.643012500347476,0.6716083885776436,-2.1823932867090123,-1.2258169883283572,0.20258587520428456,35.02366476702037,6.0004467751867825,3.533055149958111,-1.107489716610389,44.1519596911688,988.9558694442567,30.410854618692284,1.5029331189541116e+19
3.3669332723913925,-0.2155324834673632,3.9755075563462907,-0.21736600155372843,-2.5018226224604287,6.1696890858821964,1.38504963903741,0.3492260674430251,0.0424706870110485,1.338582420603486,38.92783029712922,0.8721921481350544,0.14967730853032074,4.368221437556613,21.93758498684196,244.94979582139436,16.40923354108365,3383446476.247934
3.2596832985740103,-2.041792005358639,3.4535471857276403,4.710452241952188,-0.8064940825308584,5.172169925288099,0.2866541459772102,1.0737238192632304,1.0838045640288922,1.9313047317827376,22.83128170146222,52.990936042970475,12.810278560257586,-6.937664522065875,16.479206697232673,137.27322714903516,11.043238022625326,14414925.126695154
3.2628834983870094,-2.2224049414654417,3.6274386529370926,3.61027484000466,-1.998080801461145,6.050483861346172,0.2662916343750191,-0.21551507158546368,5.55492476339503,-1.6929236446908242,26.96593729933686,18.59609181675522,7.7783504657929186,-3.034300443379138,21.53401406918809,234.422210961369,18.208697106975052,2259907545.56122
3.438055130333656,-1.5279782037087748,2.9617245721903522,4.037142887989737,-2.076460418753359,6.023110549888321,1.0697579330969138,0.21881016209703708,0.9753199230902523,-0.9789764073821196,14.405840507145617,27.123960190698586,10.319194689466602,-3.572742884393448,21.126547168059172,226.5871697153024,14.947140066311283,1503592102.5884829
3.430166973656214,0.9723417489910302,3.7745540250913727,2.336231599188316,-2.706273519342372,7.809656947858219,4.096148869274159,0.2445253552591449,-3.5842598986396284,-3.6484894190485395,31.68446398240319,5.586069557537357,3.3465360790753014,0.24055274726629797,34.825849256791166,615.571604000277,23.97611713779623,1338632471252692.0
3.4347355419278114,0.7620463272830293,3.106572722856803,-0.21555657964094133,-2.583631986250885,7.711797079837277,3.1290396757636136,-5.487881150894801,-3.5322535918880607,0.22597548235678677,15.973879044514845,0.6885610187256748,0.56745859100074,4.874841875040534,33.494036501488765,566.766796279615,24.368688202945386,353396647241753.9
3.3978348565732195,-0.21543298167084132,4.685179617830387,2.845059231240739,-2.1812454027763377,6.043298254137787,1.7472045630360324,-1.4293409213988577,-1.4400277558570584,-0.02682990351507547,77.99855045701906,9.0659166194833,5.59283246901657,-1.3221620388316953,21.485540091772187,233.76362423152833,19.29758560935399,2152973551.8970985
3.422518150949297,1.8474124052603935,3.495174382811412,3.4380156462994393,-2.6308392168632606,7.401110636769333,9.188292414112153,0.6578234486204405,-10.47084404927772,-8.370477472741856,24.163404756076485,15.16972800537307,6.967497234318371,-2.1439745448610625,31.55590474003632,504.6843315268297,22.75118029813811,50879460278346.836
3.653313005580429,-0.18951514047642315,3.581461063662049,2.1127433681795043,-1.9992516881912785,5.486214111487008,1.213060931754312,-0.29372527290789296,-1.4558074685170759,-0.7390974853963851,25.816900191816387,4.081937008490652,3.1108351553542977,0.06651526680975872,16.022713881840815,130.76676817489377,14.404834101635846,9131940.329798583
3.456671904201147,2.7709147842992046,3.7904564301825836,-0.5791958048242236,-1.551152397342396,5.413809779409417,21.933811851793386,2.211976886748798,-24.198826928796013,-8.25481529351953,32.24117166152323,0.28706786907690146,0.8525006724613056,4.165950452584074,17.405976774788247,154.47446922642052,12.924802489367009,36417279.246888526
3.42589478626673,-0.626920516304408,4.544212788190391,4.072404915755239,-2.1014333306409494,7.592078876676113,0.9111449884984374,2.498188051534196,-0.8675299493244728,-0.22788867054720768,67.48638855794682,28.053377086470686,10.031618119256837,-3.862069195212931,34.548932153813865,602.7760047775068,25.01566666904654,1014840488579369.4
3.312066333678393,-2.3634432531869725,3.2672279133836737,2.3691530881933884,-1.0020458213119414,5.7998665892723675,0.8788105482064478,1.1053886635680223,0.07649464891662378,0.9297862014610098,19.29691708335132,6.004469350989755,4.227099811600606,-2.216079364322903,19.399383403196417,191.71940669706453,15.072616290835107,267320546.95633182
3.4839962123754917,0.3250424076748617,4.184923574543815,3.950526155057969,-2.4804544608502486,6.3854704195572705,2.3476837421496146,1.0598906677110669,-1.385878043452302,-3.8704567738737574,47.161338402461936,25.049128755939496,9.509824591244072,-3.221192397101639,22.806431028215975,263.229634487475,16.226568176229865,8066670920.53213
3.601549714239483,0.21861918403228886,4.5318342986897715,0.6625247855504979,-1.2848334146353764,4.743654349985835,1.9334176105239451,0.10558027435042705,-2.3571038675813663,-3.961809182220635,67.4737439926969,0.9694259473515678,0.6386130647230297,1.889259397351076,12.51379012343213,80.55037288130853,7.433023875567078,273315.80077107775
3.307736655008743,0.05222782432658184,4.668420582156134,2.5370876921281043,-1.8939378468463146,5.5772981979588385,2.0166618235444824,1.4711443671883706,-1.1614122455594622,-1.1192138507404565,76.93745922637827,6.938372712111048,3.925267914548124,-1.689189756169657,19.680113196103612,196.76982432309384,14.3051570399573,353958009.5747861
3.236454080567112,0.18398251390483727,4.148916927538609,2.2772231424029616,-2.0550738822369503,5.883968114283116,1.7600236762368622,-1.3104972680735512,-1.1248000312595376,-1.7593820160475029,45.51570154780991,5.102095532954078,3.2449511725351603,-0.2829264768206411,20.15161086907704,206.9599524030318,14.27063369811202,567179584.7261549
3.4083795875747223,0.10834047410790404,4.458912954816206,2.3785232738948965,-2.499680492320794,5.218404989523826,1.8699143827840619,-0.7453074226536276,-2.8222965146602768,-0.4379819783764752,62.46673173107978,5.938052850297232,3.9223838462190734,-0.1839739709412721,17.073666588179698,146.96042526929676,13.086470183208275,26120783.69338639
3.352014654064895,-0.48190933818193565,4.154460327483592,-0.7681737196532974,-2.3158810546466917,7.828749627173037,1.6556384372777497,0.7227399463576869,-0.3562772312654986,-0.8401711555399931,45.96020151648438,1.1781585710130213,0.6770849084277775,5.401797522676118,35.117331602458634,624.6236871012301,24.630187688689965,1791639091935756.2
3.6481701439324223,1.4897502727486824,4.184084712146786,0.5893179348412898,-1.5258743973778008,6.879411253478171,6.309141726346358,-0.5505603089401706,-6.835413898579362,-1.9815357200482762,47.31649764671663,1.6486743179945478,0.8743450541152251,1.9407550115525298,27.464441657367487,382.82160877400236,20.385124759106564,850437997169.2977
3.4598289658866515,0.7897267106675774,3.481265024354875,1.8742599690974786,-2.528490191998836,6.797794381437496,3.8743136690995925,0.920277869066373,2.123808879242726,-2.046359992637145,23.633721354573105,3.323427025368847,3.002271889273481,0.63448107636854,27.211504600002158,375.40402716482316,18.96275595633323,660379354984.3304
3.53941241827593,-0.6258302276243745,3.4344177979336736,1.8552120562538637,-2.270891138508599,7.4094660668605705,1.024193596746411,0.6820498435437785,2.698038454379619,-0.7764853036197876,22.426344056038925,3.8785993173236313,2.5938012845779754,1.1077335537360244,33.30419841443973,562.4269803875525,26.256515173545075,292291907355562.06
3.168150992489628,-0.8126481655523472,3.609643025957775,2.3265929465806967,-1.7858934161417752,8.151741626312306,1.2796802671141148,-0.8984358023148332,-1.892087309834229,-0.610459534391342,26.749920900073086,5.5699933845029435,4.0351055574045755,-0.8363174247956189,39.26832510665353,780.1205465780051,26.71888550068875,1.1376380338113003e+17
3.314322489731309,0.6763169252214695,3.2945389611462694,1.5872905734135205,-2.1897244445573616,7.8153779902410205,3.1791907073355508,1.0821810503321965,-1.1307348412685105,-2.5240764644927367,19.290068943525768,3.3139386383389935,1.5777543277114043,0.7745866583205372,35.737428166774016,647.3613882697147,28.257445871663265,3330849774566200.5
3.5661139268664908,1.7637425322954647,4.448991907536012,2.9158582167667575,-1.3074692989882621,7.3713177265440635,8.6086204206148,0.812245724933421,-9.51999699637436,-0.21644295528277047,62.04962512109476,8.876677484288754,5.898498322687003,-2.6929401347271984,32.63823914582046,538.3679057081144,23.41870648512344,150173864123722.9
3.476417925279133,-1.508449912282948,3.2413745565686027,2.6527082040172765,-1.5463436621773181,8.814932055113381,0.8451877837482185,-0.06933464277497442,2.461783567432434,-0.09856109560444137,18.20523660599348,7.7546649797044145,4.059044214623647,-1.4564410738397313,45.764425636987504,1060.328168184406,32.31022388407948,7.53745473879735e+19
3.293038233793035,-0.1340552296604654,4.121406697508604,2.5155849465337066,-1.3702094943241871,6.952649798555742,1.8057204234191895,1.2427829396046735,-1.9845116052364273,-0.8862180052639443,44.398679629919556,6.634018273195958,3.74882583099232,-1.5948729062418256,27.809499862495027,391.85111987344754,20.153943464998026,1200879774617.2166
3.333029753531593,-0.3164806606557556,3.16946611804608,0.7588473750227693,-2.7511259533085237,7.153001276802145,1.3685861345636865,1.7228350804359722,-1.1049862469841598,1.4385483143058526,17.534884506864692,1.4786184698026519,0.5715410870650962,3.6906121305311035,30.843518414154204,482.9973989099559,23.414131751475836,24954969615736.453
3.277667786316452,0.874487179505991,4.2071778607617585,3.140176049254368,-1.8990494086206493,9.367010526283892,3.6564738723796255,-0.7058977947797413,2.6076852651150717,-2.614894398985649,48.9122275163846,11.474241197928183,5.817019819223046,-1.8918661997752186,51.49295109083166,1344.3692008280334,36.82241050421811,2.3178840731745964e+22
3.6005381146457607,-0.983495917319375,4.257727812704134,2.2325518209432236,-1.4969853170674816,6.123479310813088,1.165110869812668,-2.5909389289254694,-0.1598868726355991,-0.30809321441198634,51.346984047604494,4.608967552254201,3.4210274921350843,-1.6229595787660935,22.338080299752303,253.3948468595852,14.939232655845903,5050009621.54192
3.4723558060977413,-0.9444000427535144,2.9732751690036974,6.8539089844469,-1.4353137871493296,9.562245316806013,1.0427876481415659,0.7503280143720001,0.24973378838858673,-0.0728810554711353,14.367045734427382,451.6727770835834,27.912985147987406,-9.834652526660724,53.92636723019517,1475.491689140071,37.945891781461185,2.6418667735438556e+23
3.3926196391033407,-1.4443627921181832,3.152351946870848,0.9495009355625692,-2.1254088984512216,7.337890637663924,0.6508647241388064,0.07885221234525047,-0.976018166406943,-0.2566804634081352,16.93785978370937,2.1834348569306328,0.6446630505817986,2.4051569552642533,31.57935355040781,505.47072318684826,22.776712702814816,52086621023691.79
3.210257232676571,-0.018155803706972975,3.988875721239488,2.7779551787620553,-0.7808016738984747,4.56776237809503,2.2486007601686175,-1.296491966361476,-3.0490332371887927,3.1871960337862713,39.151988105103825,8.400638526902597,5.440266671983263,-3.748439582661175,12.770599262701422,82.7846321080153,9.342691473975524,353317.0306315905
3.6394098095924217,0.14336172040386072,3.458216972401279,2.969591240101134,-2.884881842534121,7.754114335962488,2.2041400594613414,-0.32353520964011234,-2.7996348784781437,-1.3834239688428973,22.917828461106712,9.790751804581468,5.676027970008197,-0.09535983341314691,33.19994296721081,557.9748473870951,24.474101977223405,263353579605105.06
3.425305958565784,0.31960719973014245,4.373389072286372,1.6880980072456846,-1.7494100785193114,5.492223280042104,2.636903516334881,-0.5096965434429024,-5.033597277709834,-0.9517330492330566,57.003896098080816,3.2513266518453356,2.3212040042750317,0.13793344890192955,18.472518136769118,173.2361936999557,13.323859822249817,105803460.74514005
3.465757849110156,-1.6413558500519267,3.2045170520348214,2.313815403441805,-2.4741537958023754,7.038507706178855,0.8457218071175285,-0.43868053058931583,1.3942275350902205,-0.7491249879641402,18.10287437161464,5.7100489355449895,3.3381167577102495,-0.26359388863728206,27.79116494144661,391.3354516267122,23.902781759037296,1179062360237.2908
3.393325357028554,0.3888781726473477,3.148265209324061,2.339004119105704,-2.3967067229990504,6.1516504637965435,2.028449007317318,-0.6171823103546104,-1.11966049534258,0.04598986993810972,16.558632578889675,5.62065860105429,3.843099806685486,0.3851337082166023,23.669833592742226,281.75517106336684,17.82227181143637,19127812779.73489
3.690133597217447,1.5039861796548613,3.154763301748525,3.144798732275885,-1.7769813858106949,5.916511203995879,6.7070758071328775,0.3200240611422742,-4.096281903064369,-3.2019972681601767,16.7370381690875,12.047976811611367,6.618779058180113,-2.781500588353908,22.161303356070622,248.29635247059701,16.99913588697076,4231739762.3894424
3.1515267814934407,1.4393223330711038,3.0938382445357164,-1.480619045514429,-2.209771842894576,6.113830022362675,5.792286028637486,-0.03007744315693328,-6.820006572463194,-4.479261627540474,15.821038676342607,0.715075462763516,2.1855693984525373,6.319164190108362,21.97425885727086,243.8008784416905,16.009245678626407,3509834385.639342
3.316977278684714,-0.265414116973184,4.327769672217395,0.09584505404986343,-1.499096971399433,6.054618574214523,1.529903115088203,-3.373365815634321,0.07546922473305706,1.3563362588684944,54.44788958415736,1.0705929189799188,0.3759921628358241,2.4915780335890174,21.730474826490838,239.36944534189377,16.621344868386853,2750505408.9940825
3.6480221891972353,-0.3339165608875117,4.034330474875951,3.962921548651794,-2.3395863409311373,8.157410280379047,1.1982275869221901,5.211058597027269,-1.4726488025588251,-0.9318264181319766,40.67654478744454,25.782572360662677,9.101303189152194,-3.4218412493433625,37.55058740326066,714.7378482447681,27.533794348582333,2.041738401323471e+16
3.788803822360081,-2.057162581627032,3.2235866758466742,2.1924912935119365,-1.653268829753626,6.996167377451222,0.20395030007031376,0.4731352545253657,0.08300769235139127,-0.10030050462728421,17.84210621678851,5.229476520133969,2.828877229447306,-0.8370700132601476,27.582400350594224,385.3527978196739,18.869740079707185,956910820672.2705
3.4517439191422037,-1.8151794502017964,3.6228860873385162,1.5574215223419456,-1.9521185572278899,6.57874571216524,0.6404692330236608,3.6616743350605896,-0.040246350893029526,-0.10067198847059677,27.51818329722968,2.4083829204090117,1.5617598458154487,0.2491832875319065,29.227156372356948,431.79094075932807,19.792400830879128,4956555002926.1875
3.330236507625079,0.2122869470000291,4.589134614941347,2.2786932995278417,-2.04577871134702,7.618412278511401,1.834704111530892,0.7384676035398758,-1.7120141499598953,-0.5771651134064001,70.832187196599,4.83183072177709,3.547919083304458,-0.05746801910921151,34.55884497845628,606.6804131927008,24.22809017175031,1024950450736681.5
3.5690409012116886,0.022715807997184825,4.256848995897792,3.8318464559492633,-2.2820391317772835,8.127142518699708,1.7515861209804573,-0.44982077647683905,-1.4371114276924832,0.24162410047722327,50.616660326068114,22.97261551389695,8.886748898674133,-2.914824694282091,39.077753619226655,772.9990328077766,28.27683724214837,9.402426727460546e+16
3.2593813003796934,3.5991221757775236,3.592121648524896,1.9092904332477163,-2.092552185201384,5.662756239727275,47.983397370647445,3.737830285373617,-52.89561209942296,-21.34047614914361,26.809569464216025,3.9047921300131807,2.9688923285194972,0.2628845935912708,19.138254812922668,184.41292690393468,12.763498582166399,205885427.9394365
3.7883418901762016,0.27545698544641695,3.088777009042582,2.7347434521259935,-1.9010392436883323,7.885094204574302,2.5583017224983275,0.5420777252527743,-1.6008935380214167,0.3423398913452099,15.843162129997824,7.812804171862091,4.974359918555845,-1.5069586139064095,35.975132637591905,656.1407831288179,25.732701911190738,4224631042651629.5
3.1733015959177986,-0.5767415961624411,3.694369693229727,3.5185688463738813,-2.3807063751158135,5.615996079888055,1.1988306836972171,-0.36613977149230204,0.2174670037833938,1.290290642877749,29.639113231890807,16.143331571947307,7.479002187531277,-2.2322247826844945,17.7464245580336,161.43997729749034,12.328644252865738,51187174.28211298
3.599786901721131,1.4755301898452986,2.969433397103878,0.8782757141036737,-1.5119897946298662,5.933102942462959,5.770069698689462,0.8578589160401673,-5.816604374426549,-2.2737811992708834,13.745692395758779,1.765802369420956,1.3355600650986321,1.6239021564358247,20.130984729850393,205.50257474593374,16.21414538381152,555600694.6398257
3.3929422243761183,-0.9143279329634454,4.203416733792142,3.9851602401740562,-1.515036694417628,5.8905049793813165,0.5889564088853808,0.11228183286826152,1.8865845449947567,-0.6359944732074012,47.8875914215979,25.754803107015373,10.096027020173143,-4.268881583769384,21.351640862478014,229.1218009156729,15.019105281158774,1883158997.5379596
3.6438431592991942,1.0440169903164345,3.113410525909951,3.1385702759799856,-2.2363594528106416,7.010382401599307,4.439740224785699,-0.30699449880442997,-2.213139236268926,-2.7750893836421313,15.975747701180378,11.223370353541387,5.871732068631863,-2.0624301545271866,28.539387926908685,413.39032162719576,22.361160105832216,2491643413280.429
3.194316110776531,0.7772649489154512,3.337694448643759,3.0828848609549757,-2.7516836945847496,5.853599695314646,3.462837343656016,-0.0994305510280999,-3.4842489937426975,-4.571525974862399,20.417361451703748,10.829407886419917,5.485783409414868,-0.6497851432285786,19.17063279004494,187.8726696273383,15.03523903622879,212660674.29727978
3.4498986547315154,0.04902530541752166,4.6637128488885065,-2.9635669350746667,-1.1279871402221993,7.160763075496035,2.0058242805736213,2.417382357267673,-1.86615430031474,-1.0119524486148133,76.84154264245817,0.8629264103809052,5.238048170820848,7.700655346881128,30.213901689735934,464.73905011360574,20.28868866695086,13295907233859.107
3.5383896620635586,-0.6281747001110458,3.3285195299591503,0.14927201963323755,-1.2567480846576369,5.426256554079831,0.8492254710342813,1.5723634349615365,3.1237613738266523,-0.5335954173266314,19.79490284849891,1.4684426891354716,0.784783866457566,1.916335129852925,16.950752293844754,146.33567037120883,10.614294667959088,23099653.301504888
3.1731700403266525,0.5908154054767023,3.2130589396589526,4.904137117133027,-2.396085038143918,5.512451525866235,3.244473925523831,1.5477168123164176,-1.9983888162884473,-0.5797282799440371,17.963050280550526,64.69773572291524,14.203075694556237,-4.880189346761284,15.812383789840519,126.52923779912005,11.83943700661861,7399634.743255214
3.269789752244658,1.1060079360128292,4.623300593679875,1.5767896990112122,-1.6439760943225137,7.389001787618262,4.553057305699974,-0.5083874441043433,-3.8695594676802867,-1.523306154313791,73.97093435594815,3.003339034526079,1.6500607220694177,-0.15702210491598217,32.122905686389636,523.9645578909706,24.007295183289884,89699057125910.52
3.20457986197393,0.012763358576309836,3.6844134854107677,1.9842982863753413,-2.6605161851588126,5.0951814062925935,1.3793457968144063,0.5648412024857817,-1.6618400882020594,-0.09482349606943535,28.905880740565493,3.7002177506580374,3.2546530346100715,0.7846414201996705,18.382664360689677,171.425982198507,13.61499282056552,96711220.34090428
3.330860653508413,0.5455481677476319,4.6608022128845015,1.3972271768150806,-1.8200198123607594,7.308685312446456,2.4958392890175047,0.9034816506932248,3.8899344060916747,0.402287672512572,76.62687292756054,2.8767868993380086,1.826304346266184,1.3037752955592672,32.17952968721872,524.2674552970232,23.797473292063888,94924729682835.6
3.282969834453155,0.9228996262700283,3.1046154921843594,3.9895087474829305,-1.3855217026476616,7.4083967050425175,3.4296573728455533,0.054233873278300995,-3.687595637532012,-2.505282022585277,15.817247991353309,26.71232172933822,10.145903456039877,-4.517538600176543,31.13864571843724,491.58257515646926,22.512901728493144,33521944686519.34
3.248808043087351,0.5561301632564479,3.926068988803806,2.2594263389028924,-1.6560000165582642,5.524607255368696,2.6710481719489296,-0.37857237901316687,-3.334773163406447,-1.7886442107976968,37.20102044896212,5.510320674821262,3.0394279708895438,-0.9628558125132255,18.38395323657008,172.13612129190045,13.000795952840754,96835945.90083589
3.427392498171143,-0.17506437178247528,3.25760496434193,3.495155372334425,-2.030273259051601,7.3985411181924485,1.1599055112300691,-0.2002290257130543,-0.23722532257776785,0.50192613641609,19.146861982366225,15.798082835734172,7.165794614617034,-2.4031522447094837,32.193037685614904,527.1208171504429,23.220366327651313,96215672174301.25
3.3380473712821246,0.5538139763542013,3.5126954476746,2.7226362693034143,-2.562509754662409,5.597069167117869,3.128679574225059,-0.7365103469994516,-1.8063592394804453,-1.1729492468372313,24.690729426041454,7.610550062757796,4.684405620333086,-0.8878662636407888,18.66464791797026,175.4468186353087,14.907317936423663,128215561.4402719
3.5144768550619325,-0.3093384587162606,3.7781544930166455,5.807090302757131,-1.8223190536663063,5.160795619158697,1.755922294996412,-0.3991612319255937,-1.2432450276034892,-0.1369825962673752,31.2695517252038,159.22708469422972,20.09738453622142,-7.099595429751397,15.885783980439465,127.93916349273098,11.303638431136031,7963013.030665871
3.257378739399093,0.288369729320869,3.821085455152286,4.499059249114579,-2.6142557926871253,5.556278400175497,1.7713697361519447,-1.2439197798150776,-1.8542963026860984,-1.432758807262881,32.8668358066115,43.81537745314518,12.299237654749666,-3.5399866539364693,19.259294169293426,187.37400212771868,14.650658821675204,232376502.49620828
3.4462741734372053,-0.6877920188371074,3.796813644126871,0.3697229407085012,-1.903416328757893,6.874572732593861,0.7472138166867547,-0.6762870631499486,0.24238061916066234,0.12971106898692208,32.08570562243978,1.076420448146632,0.41643840747122557,2.5466116373130916,27.77119395640948,390.51762838173795,22.4231483187269,1155748894795.0627
3.3172564296639973,-0.18473934689749477,4.387353716494074,1.9257931449700927,-2.2963619702455853,5.471325752692843,1.5995191467568821,-3.628048973510532,-0.30209285509533257,0.653741606296565,58.364462899736374,3.6947434137455692,2.2700952699286283,0.7819600210633125,17.396916948742444,153.57358002976022,12.18105278818591,36088776.26117948
3.496646273970689,0.2659778236385338,3.079843999183697,5.121581013708207,-2.047773323746023,8.342063521589484,1.9942614670612318,-0.010099660667494305,-0.46958124722619976,-0.5954990174986505,16.225461753380596,79.89908540804927,15.965425179405816,-5.703931315640222,42.9931696608319,937.8424019674544,30.882025183246174,4.717191843199522e+18
3.297118119516557,0.7540869498952391,3.26497493163502,1.9909983177650212,-2.286076187997967,9.397804258644811,2.9799655042081534,2.0931824163706283,-2.876784958896067,-0.31529942897363505,18.744041140139107,3.5580301472122167,3.2383639244710802,0.16915702790224696,50.39577550690985,1288.4719600617352,36.184913775946065,7.737388605219948e+21
3.8033694960474964,2.423943694432147,3.317643269066355,3.049540094280615,-2.1672657291458557,5.888294371272466,14.964604819767365,1.079741595950931,-15.568077488309923,-5.862692587985445,19.622182691585532,10.17489605614182,5.458051971257276,-1.9217190692664485,19.948607873713403,202.52308384163354,14.744038865145425,462974950.0142529
3.3288684519283445,-1.1839151395982612,3.2399838735959774,1.6782587625237437,-2.9107113215697624,8.991112830208237,1.181965288967435,2.99662732441869,0.4011457701316741,-1.0918648798505584,18.157038100372766,2.823137658800406,2.589441481241905,2.3530071713619707,46.87243509032388,1113.4597725976862,38.08957733967209,2.282585787292094e+20
3.64553366358402,-0.5659945412295149,4.474203785907953,2.5111214332964553,-2.096904372057908,5.588493122900621,1.7338774912472323,-0.0257047657696974,0.3476000804131799,0.705645620325436,63.0802283718883,6.182875900109288,3.9456756414817002,-1.067783638479105,17.7292796669466,155.39031034805475,12.662045361402999,50317078.97943791
3.3207523048101595,0.5836863162967476,4.125503205356544,2.3651560861262637,-1.103267860937119,6.850115203571457,2.773451694479457,-0.8395423955834874,-3.6168845137598513,0.18635952294588098,44.82835252058245,5.494921729456245,3.785697088757052,-2.1592861368764007,27.641680652421073,388.18297867867244,23.451352612210403,1015351871262.737
3.2732944424536043,2.253794177347969,3.141686842239957,3.295114198625567,-0.8998306149773616,5.735893571413651,13.314120738143126,-0.6985962912397653,-12.73102862868961,-4.476944080585624,16.86467523908186,13.187719234915289,6.3316291789795365,-3.6212894195650662,17.832741228945316,161.02894586207447,13.552912781181673,55801782.31337514
3.3015059998493634,-2.5152397527964108,4.373975805696238,3.4285293786901727,-2.234977417301198,7.686976207207316,0.360048441121152,-0.9684630954634232,0.8537706619796291,-1.7160631648807043,57.143717552466875,15.117591697302252,7.262170101179302,-2.7938153748445567,34.58210863741334,606.9338135233862,24.90663189433282,1049074062245261.0
3.3120813053819864,1.812806661728708,4.303224341297392,2.9131862412077663,-1.429345750119676,7.642038706423882,8.43427004989371,2.2062258560599974,-7.654910698969899,-3.242336431680609,53.07212103166013,9.678708139680817,5.395266153937312,-2.758997679808808,34.89958450026429,617.2464097217766,24.353819082466725,1441066972705437.8
3.427582016662602,0.22127175987947487,4.544527829180172,1.0351190153157512,-1.2139658973615735,6.505137317795954,1.933514784056546,0.5077669017447135,-2.0247192352953083,-0.11489869837939681,68.04670439773103,1.8175518665803376,1.0686762249832973,0.11810161129671713,23.258190806419954,275.2152848564879,17.184017017513366,12673341036.052134
3.6444125380812906,-0.017229470797695084,4.203850283073085,1.9663661981214564,-1.5195909700550638,7.587185037367421,2.095931730603529,1.5618721091742958,-1.473286908577638,-1.1840377420693446,47.843647453798724,3.5736775025052756,2.5340695542773126,-0.6879589681477047,34.73659207038424,612.5851759384831,24.342437188352584,1224327070193540.0
3.675871575259828,3.1539072226614326,3.7957302992695165,1.6746093616590318,-1.856205464118056,8.861931539143868,31.256668835847147,1.933845684317471,-34.13208672953533,-13.26237874891839,31.834712486999997,2.6225526979617415,2.5004231793046303,0.37405364960361603,46.07270413418664,1075.732508541664,35.02916193567723,1.0259078844060633e+20
3.5327422966747237,-0.30804080540902795,3.6668607174956414,2.533689773478425,-1.0107404638116617,6.989492172972051,1.331698962114804,4.8405491982056095,-4.2085210974825875,-1.6420433966998689,28.533949506301013,6.601687034445829,4.646569518737783,-2.145332426125801,28.837298571508942,421.6049089152704,19.949925311884474,3356346874295.909
3.558244015048885,-1.021512385499126,3.973459316573011,2.7811742068252263,-1.7385976968919208,7.74247917449037,0.8087709264562862,0.16031518421661098,-1.8941349362202824,-0.5179073897263967,38.25169464901771,8.051581664961297,5.089001247516808,-1.6620039454951194,34.742925812792805,612.6970967002626,25.293215990056023,1232106252141294.2
3.504337273040128,0.13313421090108987,3.44387215771573,1.9472380467406118,-2.520084298061443,5.451424340078897,1.7842755696113586,0.3032017848347494,-4.389939908335828,-1.0231206340152252,22.407876852432423,3.7870880215071807,2.444546741880787,0.8571853454573657,18.531981203266824,171.9168556599495,14.326499535038213,112285674.45120189
3.5806759401911257,0.005059727604675525,3.2984750868403316,1.9175836795374988,-2.004987642295959,6.532976829687661,1.3511928496307948,-3.12877519582274,-1.585973418377229,-1.8286961988826782,19.476346062785705,3.5918734152105256,2.7505638178576497,0.552971330812009,26.514964223202053,358.6566209524876,18.46133877880843,329071177837.4025
3.3563777416322744,-1.0245173470361864,4.635765378674439,2.2385170461128503,-1.9700346701690847,9.288073791242041,1.2421957550951945,0.5545276951433511,-0.7554703967396678,-0.34907840669384466,74.9143686845876,4.966311355737688,2.89674281994099,-0.045108861230625075,51.70106227646478,1354.6615415188924,38.48912006851276,2.8541267166250796e+22
3.308274951029352,0.4536337354458938,4.072094410189976,2.9603755170327037,-0.43376543539239565,5.699420852770545,2.951194658727934,2.2219275666990215,0.10569916508036004,-2.81336284613446,42.845518096584875,10.172415297849941,5.4931091969287,-4.305997275565244,19.467572110130597,192.15493945674433,13.560061886115323,286184630.7893757
3.3082718351118285,-2.792341913350032,3.004501159146031,1.6274801165118435,-1.171329995815987,6.031081745395495,0.6140041195782463,-0.6848694880081097,-0.4344711516826348,-0.06111538099720752,15.04075540768842,2.5404764446998715,2.252281347626046,-0.9382804447404174,22.13421619810571,250.32214424384514,13.766000939434694,4118652502.2676907
3.3288153227010615,-1.1990552036700424,3.3823069147519216,2.1525503031061772,-2.9973752391633006,5.660557904125291,1.2840589702779588,1.047698920986043,-0.9434124220054672,0.29420229648973534,21.80392277650551,4.914235996613273,3.2253823540000597,1.1001305834304491,17.773881756131352,160.0586747427172,13.042488460445885,52612131.73791182
3.53138658979843,-1.240389872437648,4.55663505028555,3.5190910674488163,-1.5610966551989622,7.398661290788008,0.8379918637261112,2.8759287714412123,1.5271165323294522,-2.276295306844138,69.04349382805462,16.69449982656017,7.281013594674815,-3.5416450779746604,33.146462514065405,556.9240633842206,23.618514134168553,249639302307730.84
3.4252257325917395,-0.878564168103972,3.6043733364291146,2.935568256233008,-2.0713617995579856,4.676467560933197,1.1463506587008032,-1.687458900081154,-0.7710794181966077,0.14834290369039066,26.995946878856422,9.785919730200309,5.860771354644999,-1.5206063548914903,13.198069491230928,88.67095228380015,9.267284311617793,541778.3412095946
3.5911281353912656,0.10868796902678313,4.587728603050143,2.1765290359643052,-1.353587184985866,6.209802306755706,2.2181396585201445,-0.029668376120032845,-2.3825641996406217,-1.6153318038432358,70.80834959656981,4.5707053773141135,2.8325148110395864,-0.8855276052034007,21.60652453378311,236.6846511351002,13.446353101183291,2429861790.8650327
3.561577032324558,-0.7822976489637063,3.8326881968103597,3.9573381005513846,-2.2678593203662603,8.11757272608655,0.8531256702828542,0.27944010658965823,-0.7792973796338338,-0.4396418743237114,33.19585632159953,25.489656230206737,9.814859902917023,-3.568164737367184,38.41977233119169,747.8379627272725,27.002170857301255,4.86947695757795e+16
3.2109132480450233,-0.3207100108965001,3.744927024039065,2.9135386498907105,-1.7200582520299497,6.265288613777991,1.6527993820556346,1.209578399343924,-0.1612922728868793,0.48535034349927253,30.82041467390155,9.24825359063549,5.6021015110819485,-2.0453876672877866,22.31029679670336,252.41772408491428,16.38889147602651,4911633834.429117
3.3785383320935667,-0.2664217673038429,3.0455527916148113,1.900079412684599,-1.7203799195849574,6.27371903190087,1.5195847489189174,-1.207417474769581,-2.8109035483599634,-2.203008740059206,15.396212390620212,4.1157117119950275,2.968206337088259,-0.3725880028416294,24.29048915792079,298.4423401418391,20.58657319787786,35580545291.98088
3.5504733983028536,1.295747412327192,3.730230582418662,3.0186617124458444,-1.1741122991951995,7.947480717192441,5.474637326407043,0.22079125741319,-3.4335336748449805,-1.7415462695514876,29.766637804707134,9.996470156257951,5.346279881579883,-2.7089592373367304,38.34489204514303,745.3388535918825,28.908333986691733,4.518166384396009e+16
3.6155748607440716,-0.48306996718942535,3.65409802993216,2.936173001145592,-2.9620268316343883,5.344597070581784,1.3408556947494337,0.9696670972312453,-0.6661235877753995,-0.9581850324812466,27.894393746540285,9.690513418653902,5.479554177977165,-0.46726933479755495,15.924738672015232,129.5575629090548,10.900168259594999,8279654.933281767
3.361903148192369,1.4157520400851904,3.9424892374348746,3.135702381324794,-2.068611565951749,7.068147034015474,6.1151903934157845,0.868254268376173,-3.3016316842458324,-4.354204321928368,37.767026864231674,11.637854746741477,6.15397915103245,-1.7545884453317289,28.133788856805438,401.9587906745549,20.353258836918084,1660873100065.1355
3.531517325492662,0.7083314290363733,3.0576737611243185,4.87850865166979,-1.841544453966496,6.541554990583915,3.6400260109792946,0.6247689848655401,-3.5925417273105977,-1.5283465452974259,15.349726545326781,63.028507286768146,14.620120405840677,-5.94717531246845,23.39104596760387,276.68576006886497,15.261923347306377,14474027098.762463
3.5458359210934285,-0.3364011615262007,3.1089985720757216,1.4702316490115106,-2.2167448381403236,7.023688485030204,1.192337017706579,-1.1145386229305163,-3.324034159790705,0.2853871891105949,16.28372830425834,2.2093521686590307,1.5411936771378292,0.9487149413665744,29.4489921209615,439.69164126529125,20.111354673411867,6187596304665.535
3.6128286647351158,1.4929774655958705,3.4923777627916377,4.718970101641373,-1.7248077657038512,6.870499096296834,6.619237514592803,-0.29985856735917704,-6.127368274188109,-2.536499757118458,23.450370880462618,53.51498611226524,13.746406930845882,-5.737441260599166,32.23153020903026,525.9902843770898,23.819724112275125,99991459789111.19
3.6723920054821546,2.0722272708245573,4.503648748286672,2.554499382093168,-2.773596069694296,9.666017678738779,11.1628909779701,0.6830998891825301,-10.554739239181687,-0.11673274600676642,65.11871832242548,6.661374065563296,4.031694400711064,0.02028327580334377,54.22277945482993,1491.1498046391769,39.3021572406182,3.553375522413245e+23
3.5326501366071343,0.7896079841741921,4.610790743523331,4.687317049759709,-1.993903449531401,5.159757977139626,2.905660181186858,-1.4333408226051203,-2.256297367983744,-1.1991324178943743,72.11031970613206,51.933052312760985,13.145505559405276,-5.233352256572433,13.740075412613445,95.69375745300893,10.891155963097322,931484.1546438797
3.4562129421220553,0.09408844093474736,3.2458203752156063,3.349205182747321,-2.2515551979909714,4.604492739620176,1.641862682347388,-1.5785963231757665,-1.5815760321318808,-1.619770830544585,18.240898692414778,13.831621053070043,7.412708134824191,-2.394520899311799,11.188048370005827,63.30054928759044,8.54198618738167,72562.23082749949
3.360028825101491,0.1827964814527121,4.4135758832548255,2.1741065099988215,-1.058178065638494,7.067798570320149,1.7870195768969268,0.3516658445250053,-1.7160127327902588,0.8013648455540903,60.10617541546857,4.606831417425815,3.396491029454464,-1.8712893683321665,27.937300255471175,397.0941500623706,18.360874224127134,1364591104565.2026
3.3210461639404034,-0.6507889253460357,4.371177089619792,3.6751414212472486,-1.4334737430731905,7.41021330429799,0.8533730397086181,0.16665885775000205,-0.21555132965828339,-1.8773848730310023,56.690497467261345,18.826145621956513,8.585224633861888,-3.9468019052885532,31.789284259275597,512.3530792924641,25.387828941761555,64253669210416.984
3.3237400684320875,-0.09290383608002248,3.045591468740622,2.6202845864380246,-1.6782594521983052,6.131794253448751,1.3238721226298271,-0.6971731363318754,-1.0875498311653056,0.018691653453523693,15.698310692660229,6.913996991812614,4.283870236026767,-1.5965919935305601,21.776985940815756,241.7137795937748,14.884299653574626,2881456181.185951
3.383008993665293,0.046212471384060705,4.257897705346451,3.001286335896774,-1.5839682816427785,8.462852124912327,1.7995735353266396,0.9717966857798813,-3.3474939952393497,-1.6842515537781568,50.93675150115785,10.217965675624361,5.935952277819417,-2.9320180805389486,40.14078419771862,816.9078555652078,30.740897543772025,2.7221263029740163e+17
3.455930343873368,0.3422316939114046,3.760087483245833,0.7067824613553244,-2.222658833985056,5.119099838667697,2.5100946608889263,1.7870570798590797,-1.6921598371967286,-0.455111852879676,31.52036396900363,1.8105473951227036,0.7636844918923872,2.5327997514434664,15.244829184402509,116.82704573348434,10.210091435701251,4195012.104714686
3.4267705884533806,-0.022627229920800976,3.220125796868655,2.390000190285548,-2.895120366853628,7.863223297727251,2.1929288997185648,0.36940127550378826,-4.070796163681571,-0.482540971540561,18.24959061213276,5.30651776541847,3.7722519036602677,0.780035785614301,37.34458219577869,707.7907406772716,27.280402452063342,1.6616255912062276e+16
3.233549104923576,-0.305512250692821,3.9642306644811045,2.4848647142885416,-1.1934821168701097,6.751316675602563,1.7207190793735847,-1.6230942935164314,-0.9698885018890956,-2.0620941010493126,37.779422486959234,6.124626895018098,3.5648145604889447,-2.633146660490296,25.11556613005014,319.2773765583362,16.573004910009896,81196811574.76894
3.4221612672075676,0.37681904530698423,4.26781718115417,3.235694599843602,-2.430341232519802,6.1566571196187585,2.8004893996296407,-0.8596903052658776,-2.0838351721367925,-0.8720934095987439,51.601745025141206,13.08681291597758,6.279827847178806,-1.4814743956763805,20.964254306183097,222.30750326664486,15.690727077692868,1278342268.9160483
3.3591848011703345,0.20576610467716114,3.1692817233177637,2.369391733884108,-1.896308623527405,4.748749952283111,2.390445624480993,2.5832092903793638,-3.1871590828968124,-0.836638062050729,16.870521820944287,5.643194852575599,3.9854500370742043,-0.718497869316003,14.791510015614463,111.41864985835059,11.100663381653561,2665975.001239594
3.6882996355971644,-0.6878493474799294,3.1317455089695483,6.121982924399216,-2.280810936074386,8.02578775835982,0.9598832180134553,-0.732362568779207,-0.6447109139991178,2.0357995853241255,16.88206626546401,218.00421340818707,21.81711564231464,-6.952140549073492,38.409487578564075,748.0559202011445,27.08546167324734,4.819652248236521e+16
3.4365261003606293,-1.5449273468348441,3.7331468028219232,1.4041472210697379,-2.603560925467043,6.781377636181897,0.8306341406232343,1.143053901354276,-0.4421316563002253,-0.07035246966905782,30.35382277587175,1.9948729536063823,1.6601537450175736,2.3315782814725354,26.91988366405998,367.77281035736814,21.089994434240452,493337495190.46906
3.4197843257102636,-0.143400490169404,3.5520637205065957,1.6783231640266683,-2.423950440896623,8.338536874946438,1.8723569159846178,-4.217341861911369,-2.872517211435817,0.4427470290993821,25.68959030625762,2.8909786503259016,2.060218346353471,1.3346818350219924,40.59246821466178,835.7415699304503,26.792666883902065,4.276339218835888e+17
3.3343326430522127,-0.15194346633703332,4.6734762713141125,-1.3958174181388303,-2.3851952014443154,4.984496784835768,1.4971275125088543,-0.40787764702294843,0.8244488544817452,-3.0709840219572486,77.36273891204243,0.3503023464344224,1.5522127723161276,6.908944324831203,14.822515796930968,111.8775172615768,10.536354387559433,2750869.8929892317
3.32551578022196,0.331845954185973,4.437773228418525,3.465017783833523,-2.2163801786387927,6.034220071931101,2.131361481887816,-0.5494000190711041,-1.2398690274044748,-0.6565013929233678,61.38241388768994,15.712908389292384,7.012446230505186,-2.6764416641605853,20.616323277159985,215.82347785323566,14.894276696053218,902698282.8985163
3.267418528653628,1.1148875563446794,4.19921853682398,4.75970291858028,-2.046929176745003,5.829404411362652,4.817703581500817,-1.4406483279938875,-4.275047188792065,0.13858485900261375,48.660248742444615,56.56437878310549,13.667082205533628,-4.666769331202692,20.96894510864483,222.80315246485603,15.392423271415023,1284352714.7086923
3.3004906684847395,-0.17926539802132482,3.9945097066509643,3.3303904467875736,-2.733383142511596,8.388104172382242,1.6225654435101735,-0.5495701779059706,-2.5409534741245587,0.022260166364850842,38.865730990021554,13.75668474162577,7.239443508908876,-1.51070841056889,39.979649543686214,809.7176310012863,28.86336099017331,2.3170125221881232e+17
3.4883441243870825,-0.48421017971707125,3.3301843075102737,1.5973240760954877,-2.6098451719028297,5.040618787428365,1.5240560678616057,-1.6928089534742292,-0.6596372793527444,0.8283637518186271,20.372795506451165,2.9654146780868134,2.3171075862874373,1.880855188104472,13.957383744830354,98.8149467030778,8.768587290621747,1157718.7517932213
3.5376666841682414,-0.7179314025791002,3.7750018662502764,2.297648528241094,-2.2673706981024444,5.788277633505134,0.6944847380328731,3.1251075736974796,-1.2570004425313228,-0.9126726560371046,31.115451195893254,5.455503913599781,3.770868777132391,-0.6516718286541796,18.75500475362931,178.49814943682,15.834547527026482,140340247.2042653
3.4160941337756703,0.49568455227699604,3.764311096485008,3.6437331734546037,-1.9389169443763405,8.381942254045128,2.7935209141121264,2.0690003002352824,-4.6870641961784365,5.274339947819091,31.33555218185807,18.597414221221573,8.135584277537635,-3.1933758613034806,39.06026840092839,773.1541643199614,29.409296658911373,9.239452218233658e+16
3.265885860513836,0.14391218712152584,4.172646610898212,5.105425733525577,-2.40483168903927,5.5641739198371445,2.2653159289759004,-1.9140911036453812,-4.211194859028446,0.013663323055883136,47.37924818449522,79.42396503549219,15.918561271381233,-5.388355899063061,17.261205835337687,152.48203671670242,14.159862772635424,31508763.15785536
3.3286646514382467,0.6444721727055791,3.3887305405465233,2.2855540778846475,-2.2057839244055373,5.575023419158829,2.726809028363919,-0.8553386265208087,-3.913886330228964,-2.82168028375291,21.747293140626848,5.516790280104376,3.762915299403172,-0.022807882622005615,18.538259765271587,173.41143691126823,11.474276998492813,112992879.53080606
3.4818611934103023,-0.35842051879404807,3.198882249904851,-0.37226215671919993,-1.7941331596252976,5.881265338274872,1.5744494447378097,-0.5103299184992061,-2.1245635779975176,-0.2649138031800673,17.766796126487172,0.5330992955535951,0.32082897538971294,3.894141398413716,20.157307714597298,206.4969422164063,13.994558979468458,570419993.7990987
3.2831008296552535,0.2861912473347045,4.232504641787209,3.619037691530758,-1.8169647055286078,6.061245004158646,2.013623843708744,-0.5155810974605953,-1.5887588344140477,-1.8307868994548913,49.87624575555953,17.890858498840092,8.533628258469987,-3.8026466971020754,21.830410930815052,241.53428349776124,15.365759524842295,3039584319.015225
3.5890644343662554,0.9510470353696866,3.9345810240287684,2.5020054606901776,-1.5377086066961567,6.706015593379482,4.287966319467561,2.3610457406275547,-4.954961013899586,-2.1779282235054858,36.56126751859652,6.01424673202742,3.6315128957836276,-1.142758420455546,25.749798200082473,335.9163929392581,16.591328908914072,153102564070.43854
3.2345370674523206,-1.432442673150659,3.3893819843795288,1.151310044024284,-2.792410702081635,8.019757488151644,0.7449513656413354,-0.3203253817927935,-0.5696842109630531,1.1348425367317905,21.085946135467445,2.1741819093654193,1.7038163026554245,3.127649211023649,37.98115507775669,730.6250134281584,28.309698109881133,3.1404599716660004e+16
3.3201625917226796,-1.2038142167552235,3.7688083712399205,2.984416505168932,-3.0176829375662697,5.0251993886920925,1.085328201832553,-0.722315302832933,-1.779212831120736,-0.5149214830179425,30.96287586592313,10.026357281679365,6.048695643386107,-0.5772773070113675,14.023154065783492,98.49883836801904,7.278855659761495,1236401.9047336765
3.491592877887258,0.22022886433135289,3.367687134804621,3.8362252642872914,-1.9093502590403337,6.836726613998812,2.194013940352373,-0.464527787641343,-1.5599001836497735,2.3649981971725644,20.846780899114314,22.121929244261548,8.520213983992278,-3.628433506368417,26.562368323908935,356.9529285205814,20.619951778685873,345046149226.5354
3.387349489725511,1.3463233724981718,3.5187058722509423,1.6627643409792614,-1.3658067581675721,7.467516178325479,5.9386495183251125,-2.7637864671856103,-6.816994153857998,-8.09752401861961,24.284719771756542,2.7875854319885898,2.4839874477470887,-0.32072165265961117,31.968691601193928,518.5181759735887,22.56529045538961,76880031346665.67
3.8605194680308887,-1.220690841727422,2.9796187786025228,3.9253618129697134,-1.5446590488486227,4.683080196362725,1.1569526655118558,1.6206593527055888,0.18968066665826327,-0.269763315336858,14.074887804983046,24.964423996641845,9.318067439078314,-4.267322001635302,11.867928686614235,70.65854462745617,9.159815625284866,143221.76517260986
3.3574585773014842,0.5111889588971923,3.613175106537304,2.3236805492157018,-2.742837168281589,4.845129414640301,2.707966020489026,-0.8100161407839345,-3.4699415458591085,-0.724800062208839,27.227419934554934,5.64443600020199,3.150780133292417,0.31369068369431397,14.13923940546492,100.52213714703113,9.723073326480794,1388601.6749767389
3.2478209749907005,-1.2522218586415939,3.6027024726652375,3.655841827223215,-1.338987013515484,5.810367188194059,0.6460652237417885,1.5465658084671956,-1.4395868390626956,0.6817763600614775,26.707717377843903,19.327039728446863,7.7135662131943175,-4.256672439377906,19.83315046647376,198.58374464485053,14.411082072406833,412491460.03407526
3.7998799416116427,-1.1205510193399888,4.061534989071938,1.2348525591812443,-2.0675249795710373,5.542048110610574,0.6310439242049515,-0.48392335901120764,-0.35441107604297245,0.42363713177103046,41.84980173687455,2.2207226134825806,1.8085191278170467,1.3867039901342118,17.34336382335115,151.2590519185519,15.086079093094,34206955.15101664
3.3466345556681247,-0.44201454413198293,3.1606672292895865,2.298361043241426,-1.7937679957271102,4.7827963307501244,1.6344406699947815,-0.7334098532024618,-0.8969815985887102,4.885951542222221,17.011386590890517,5.0318454273331366,3.16696831845357,-1.2189172243326478,13.281770501847719,91.84912015354142,11.88584781601708,589086.9857760172
3.5965882518508034,2.652723733988676,4.341162065407137,2.4436613892772567,-1.9265526968055382,7.524837378662788,18.88228293592521,2.999803584037125,-21.13526039345819,-8.920295842551203,55.485014368047,6.246196294312291,3.808747268866298,-0.5823590728608203,33.134802048846886,556.355027839394,25.839987511052183,246745297418243.25
3.52444987819802,-1.9281059246710333,4.337098819561949,2.0536655217971336,-2.2276189018993984,5.802915723897717,1.024440248826511,1.4998257996595767,0.1223099814154808,-0.8749193990768775,55.57359667782737,4.48430916088691,2.460610637631051,0.25546870119416404,20.04536497823626,203.10038193027648,15.253941831105712,510009877.67743754
3.512595563729874,-1.6060072082522405,3.5795521074054113,2.888093372324804,-2.9159748455758847,6.752952198870054,0.6175864900452419,-0.2919563919849281,-0.19197697355455834,-0.3220492372367714,25.625728387063525,9.136404646891116,5.149006415586049,-0.03054388618512527,27.935167770418918,393.76823556539216,21.580418412811248,1361684234956.037
3.32897762835273,-0.09465865378463054,3.714793265256637,2.734687443582918,-1.7452610616554798,7.352506866861212,1.5782977168064758,0.22349258433976285,-0.8934924371212365,0.10333142958306868,29.57145708962213,8.083431787835954,4.804685296296251,-1.7097648706195823,32.37860397811341,531.388449011188,24.585830897992366,115834048372346.39
3.4565836545358115,0.6641512793815605,3.795862966272456,-0.33181572494648703,-2.6137707668309664,6.327150577655413,3.0574160540017843,-0.7157184648005596,-2.9283340455856464,0.42990418781149153,32.24833509554002,0.49932235131955105,0.6454440444278439,5.2012310123913545,25.3011440220905,323.75538184765213,18.7665600376897,97753976074.28651
3.3342986196050592,1.6210945239849583,3.9510531811652463,3.2496887416251656,-1.811147348526505,8.225149246201497,7.097960801541203,0.7310710353776728,-7.849333503432018,0.3294169527630708,37.152879183892466,12.36300015062655,6.219594858763208,-2.317107331712267,38.755736106948376,761.1601920460098,27.01805448222597,6.813802307853181e+16
3.4169718177452926,-1.2546595003267225,3.3351523951950632,2.6334540109580553,-2.114163339559292,5.9824958644508115,0.6736006876627736,1.4881335220218024,-0.4657554606603918,-2.8568166236595163,20.607366030902398,7.516249645083981,4.7240007990352835,-1.3098056745822406,20.835855031963213,219.39247423508883,14.707814051122037,1124304778.7111282
3.1500587079388382,0.008643567713298855,3.0111140130202134,-2.4069284557304087,-2.0288852725388633,5.599043221558002,2.20575586589471,-1.1493597411255592,-0.06348726472881294,-0.9003858732890274,14.496673243876934,0.9048434239588309,4.064838072724238,8.272774461475542,19.732009398097745,196.66858683019706,11.692783435169012,372815714.04847264
3.3351629186220877,1.435156158434117,4.3077567739375535,3.178900402733536,-1.4836058626507296,7.829531954156062,6.08734027114789,0.9648553566399685,-5.591893245407015,-2.057085035226806,53.639570635524215,11.529830922278045,6.662880457062298,-3.120337067086006,35.92581314613183,655.5955709864298,25.147140849103653,4021328973226270.0
3.5457079300014924,-0.09733133873708831,4.590924893276251,0.4753613500244316,-2.6616185866653517,5.166587894266627,1.2452740231159058,-1.601601678424992,-3.2884268773644214,0.7654343779612254,71.18650669181382,0.8366709319317578,0.8707572521852842,3.7107046458224993,14.540671991967589,107.50615320351801,9.85560796813066,2074570.3745469518
3.303423940252595,0.04063155996690958,3.788459264936087,2.708143168190089,-2.0552382867785433,7.643376674800798,1.5305897661021057,-0.24594456698261138,-1.6833479253889925,0.7259067696260397,31.997390923344398,7.585971232564687,4.380500704417221,-1.3730537839325616,34.73095500691979,611.1602696515126,24.891736868215062,1217444876702666.2
3.290031760359277,0.00526071791284636,3.371658988314001,3.005012604473027,-1.1780092042647574,5.199992971335926,2.2737881252420085,-0.5771228537662791,-2.480674710983773,0.2343248381212245,20.798963497556883,9.77339157261709,5.2589219283379105,-3.5324744575002005,14.38141543274022,104.8243497598364,10.885804880950463,1769094.721831642
3.3177285407939725,1.3548919314167769,3.2267524395963605,2.585702674613228,-2.7075479094462667,7.875977333844373,5.282786286806464,0.032067755636842,-5.421980376378303,-2.0031385690040033,18.50090410932239,6.945059472065998,4.843163352828155,0.23614805193784338,37.30385967751681,704.2633994306776,26.09095906864007,1.5953192560554838e+16
3.3393306696796627,-1.5413609877962364,3.471446023256065,1.837427328413205,-2.4573961554482295,6.733171181218854,0.41346394758484084,1.519358287584947,0.2680709808596993,0.7805950910231414,23.57584392138081,3.589793107730621,2.333614232948782,1.259097960714732,27.952525037086165,395.56461115116844,21.02869180482522,1385525663807.4285
3.523854143620808,-1.221288733609577,3.9916413540004703,3.1447258631326056,-2.4093565313381826,7.195962696035064,0.9054479954050769,-0.4262679990061071,-4.148822106793427,-1.05368808246545,38.939601184762346,11.619399009277842,6.294716998053239,-1.2681515036637765,31.818547158525945,513.944040946574,21.350491275208064,66161698945324.77
3.2883573654706653,-0.3072650268560062,3.1192557844777467,-0.8471187645332732,-1.6735286459535448,6.459622891951774,1.6433504743401577,-4.920078513134573,-0.8169398821510682,-0.8253336419888377,16.726595874706767,1.112265644809384,0.6841106065269147,4.619366988201425,24.263238550243422,299.2290709203926,18.470324201969728,34624045697.774536
3.502617669339635,-2.0606159774027275,3.9968149601672205,2.6577584234515896,-0.6754726258739003,6.445215502890743,0.8868054468430682,0.4655493782904205,0.32979272286969147,-0.10410789156797469,39.55461555890749,6.940995338238849,4.433566939636473,-3.014683238958034,22.533814351101274,256.5172846065985,15.658950207672337,6141838939.202319
3.5954838707778007,-1.0593108830619833,3.854402170177747,2.348922371181457,-1.1407060810071374,6.068686722109858,0.7323584574282009,-0.0385986329385804,-0.2554912994805324,-1.5672944365914594,34.36600951655605,5.727411718518389,3.8447824297468287,-1.5766300631623484,23.115247612895356,270.6086304496388,17.392517610198688,10985293922.329687
3.3129960570126764,2.213722922234246,3.16626140169886,2.1506492405565654,-1.6185201042150157,5.241802745180431,12.141151215142798,0.8606660288112964,-14.204024519746731,-4.658900267477693,16.82705938194806,4.378646573040164,3.057203811027094,-1.0803466175322214,13.418815058280783,91.48414415809165,9.170635583576269,675613.2456898731
3.4238096420612973,-0.7886183568724177,3.802314716209846,4.921898025053505,-1.4820916197943412,6.805863460199766,0.9536105373300681,1.1372894817095232,-0.7528529479528248,-0.5761782586229074,32.4402120540885,65.93844132850013,14.526550858159677,-6.525484491689235,26.9228461518022,368.1871288040228,17.934438785198132,494801168319.1578
3.4509323036133,1.0707528370455788,3.199692555824709,-0.574717010362404,-2.278643954146099,4.995106901869505,4.752489268980551,0.007520655894027339,-4.29744463537719,-1.2887598627424839,17.485907562600996,0.6404263565739644,0.2658820024922357,5.508689435657722,11.962194945929982,72.61764500855774,8.63782651554982,157661.31212167506
3.2636656632423446,0.7390652804780052,3.1183227899002457,1.17188761559787,-2.2285024232559834,6.789416855696284,3.606834278555675,1.357133207859265,-2.6729852877430216,-0.7199426828266324,16.819652836313296,1.9425159829789127,0.952732929521454,1.9027945160803466,27.53521067449079,384.807347511119,18.64533164532259,912803401215.7568
3.2434238418918264,-0.6631983668412759,4.5761526966624295,0.832516108728663,-2.0496476388252094,5.879514918491616,0.9219520276002178,0.9082173954482776,-1.0698771813993393,-1.227914525418603,70.2957782480752,1.3967597407198324,0.9566626282979731,2.0367701485461227,19.57997123558524,195.92685370680735,13.65762253594702,320229004.7810874
3.2741627920216727,1.399133062447371,4.288851657777613,2.939900323952882,-1.625280577779273,7.345355460762673,5.412866614223176,-1.8278541141574454,-5.654622119530029,-0.8944899571770248,52.3280617495823,9.156236342658186,5.772394841828474,-2.778500095804491,32.16320900446322,524.1864657326853,23.87570383184028,93388067084630.58
3.283809811623025,0.5985227019468382,3.616721602639494,1.6315421363868357,-2.528728259863942,5.729042379663577,3.201456264969464,-0.5070457628600673,-2.030230046608869,-0.6977183459205964,27.315501810856546,2.4620684483233597,2.3088556912263782,1.59254976437894,19.38115575280255,192.41786518920543,12.65594908735096,262492071.53121406
3.24834316772704,-1.2552016050385801,2.9772952919431637,3.9452926813475364,-1.6977574398105626,7.601872047690028,0.5176131820905493,7.269635961705391,-0.9514909174176381,-0.1720662310188403,14.116801771571552,24.64207412500997,9.581947668871129,-3.9709417813630328,33.178015372255445,558.1947476191568,24.227689111578737,257641721499460.03
3.5207283695612306,0.5078331669468253,2.985481684687157,0.14402300393908218,-1.5186499979985522,5.825279689704262,2.5226425405554247,1.096848812439455,-2.767212529721,1.485322578946696,14.079828416818549,1.4987463047044645,0.9602352432648033,3.041316185746234,18.49966485440816,174.1280347384714,13.069432876138796,108715040.6615653
3.279704425904817,1.3323271734479214,4.635557258971158,1.0592291383014674,-2.2502444079765143,8.873088970577832,5.90736626331524,-0.5376109451701452,-4.33415178736334,-1.6839913410673075,74.49014749214533,1.4948465257784471,1.1244585768713145,2.4379460266466992,46.932932028996824,1118.1095913664012,34.12929379624613,2.4249377555547397e+20
3.4706004751627355,-0.597615591306168,3.716236704251951,3.142683857062785,-2.126358832392949,6.945804517470696,1.0613943406977504,-0.3968693723172411,-0.4629346558323937,-0.14586174983090514,29.977023527928583,11.506552934508395,6.196005375355933,-1.7636210301684967,27.8400002946348,392.3615202630629,18.875564022392783,1238071424207.2783
3.3124766639348593,-0.3018971605476457,4.4481447203000855,2.4508464228927247,-2.2989918448427105,4.742656630696625,1.4549911676448515,-3.429179636411978,0.6193503474883395,-0.9252959340257143,61.77055470394821,6.136441304186042,4.249151320231032,-0.055411321899579646,13.000663398911087,87.16746436440222,10.09352994617504,444727.08696803567
3.4151999150250005,-0.10540372326260061,3.235836402235914,2.7238186450101494,-2.488441185964575,6.199681872809115,1.2730503466666028,0.13504716396480937,-1.5906231721212505,-0.446370859533176,18.3962876974117,8.103765288249747,5.1437923250462365,-0.9482426666919946,23.839055615014118,288.28660222745026,17.640227689332363,22654657603.81586
3.2676687831287397,1.1287380102547298,4.411205268388967,3.831097724070732,-2.582162705729702,8.00988710117589,4.820753391364473,-0.22228331127510811,-4.0794883613478286,-2.326174625070135,59.19159618760054,22.811500139254118,9.34018006415718,-2.7300327062174503,39.12205267972061,777.1892847972881,28.037394678606642,9.828308842760726e+16
3.4292992916683147,-4.121701782536939,4.213664497231137,1.561992974614709,-2.0287137371575885,5.968511706347003,0.23747265785798957,1.7027038286430332,-2.6879661229218956,-1.1420544995121338,48.83987755797912,3.1938729969897097,2.0160108155704206,1.1169323066240797,21.255627251641283,229.48341817243312,15.827119346995806,1710758948.2976034
3.478409237584037,1.482154393292293,4.595690640831752,4.107846197619505,-2.0281152812746503,4.773308925210818,6.133590367316701,-0.7382930172712578,-5.552307444630233,-4.5601513624314105,71.4236795854234,29.356332440188215,10.308555930818024,-3.6764863810683495,12.78344572972467,81.11348304019808,10.389234866246316,357842.2937189593
3.3671345389214533,-1.2490840480426866,3.528934407305491,2.7829228956368337,-2.310918370643465,6.021334004553834,0.4934425774542668,-0.20532900236540458,1.5665405303662592,-2.145431978191693,24.2184241733375,8.509385021946922,5.202176576447343,-0.6762740825952701,21.515486073417563,233.5244873395719,15.488088205627212,2218421521.451983
3.6247218100536207,-0.839320936581561,3.3419869115714333,1.7735256713497827,-0.9759060777375299,6.135615255051072,0.9472491540508959,-0.23480875004201096,-0.796058929676311,-1.0171872124965464,20.254168714498263,3.5229993169322027,1.9146261038533097,-1.2834169459682943,21.05366199635154,225.1558498839363,13.711028289416308,1397901022.791618
3.667873277495083,-2.585761543714323,3.7437486912989764,5.572605465010309,-2.1263124179494723,6.926513687912475,0.2281137659784227,0.5029059265509969,-1.1343977327604715,2.2216464739119033,30.556279919898834,126.05269363078767,18.64895696767346,-6.773122295292383,26.720430587863557,363.11716443226453,18.013320983618915,404131547425.0278
3.5125648174708624,-0.14615988449146705,3.2098147757370183,2.375662742479566,-2.12239453746533,7.166023303286705,1.9220997214786508,-0.4611563295583402,-2.0870621497576125,-0.8901920501961532,18.055369255077167,5.781952844905689,3.982466467578327,-0.147231095366123,29.100974566674328,429.6064458249443,19.074648379666296,4368978102215.9106
3.398326647529681,-0.32516981203441864,3.190684063082734,2.2169719716643916,-1.9391346654910473,6.354443346692489,1.4052578039214385,-2.275936219904443,-2.5853138682161863,-0.25611240435997934,17.521947448330778,5.348567495038538,3.401490203270057,-0.9949968209826976,20.760654676296546,218.91201790970143,14.918234027194755,1042857475.186274
3.3498618222852024,-0.6179329032467994,3.735136557023486,2.604545372389806,-2.897720865098058,4.818332356637169,0.9347496776583059,-1.2014714843016576,0.08494040353124632,-0.33526579675784474,30.592987028441836,7.163392631729465,4.284668738445102,0.15523322355393088,13.118645817479946,87.40449919586649,7.392640685441892,500415.73354376055
3.5455230384636836,-0.5664997648907196,4.333149095682181,2.591314307345757,-1.946715502053054,7.150829285095711,1.5894419784787495,0.5564314602879652,-0.656494618741573,-0.3261509002245668,55.0398211678741,7.181030427443486,4.509150058208479,-1.6341489669202511,29.747782431375025,447.7998890975791,23.423693588251957,8342283689564.844
3.558723039562172,1.379819761958621,4.587736862324957,3.1797673804116373,-1.727403398864703,6.804178889475034,5.396357071349674,-0.9482772583933363,-6.061965665125219,-3.959375619899029,70.55263682981999,11.69701229849151,6.624378024953579,-2.1486326588943707,26.811089818331155,365.5671734244002,19.518027928960738,442481948139.86615
3.264618470034857,-0.2856819918624596,4.257024113340948,1.767158756659698,-1.779921554548516,5.013703071603111,1.5198744732521707,-0.9807365177931721,-0.6311739685804658,2.0522686609379006,51.27413570263542,3.410773682062989,2.3867602422503826,-0.4358773445725236,16.215602316297634,135.14294952797323,12.204513753829934,11074742.02307557
3.1925847922804604,-0.9765416036684608,3.7991822782205014,1.8892560617367613,-1.2625315977187077,4.801753167107482,1.1714454553961637,-0.22007177798724495,-1.0141789017402376,0.3732081948581507,32.18697337352776,3.433221891929321,2.8260340037736693,-1.0013924807065853,13.990557341096958,98.21296680143021,8.470215349024402,1196755.9971643484
3.3194209137996333,-1.2484766068862578,4.279230179671942,2.386535043806562,-1.5349968838463146,6.439142594699845,1.3547837792207744,-0.1486155102575346,-0.6911760906198179,1.036941294780436,52.47959794906169,5.8789588570782705,3.9568975174033705,-1.432695326278261,24.570679790366377,307.05702670467747,17.61330127173663,47086655599.9831
3.2612889158717007,1.91545836343127,4.449332406595626,2.578090187770289,-1.594700371298424,8.597894066580228,9.009634912989796,0.8893848025868194,-8.686236741181089,-6.072326746805599,62.348656406640394,7.045015652717635,4.500551528816029,-1.3920517415748948,45.09675585755179,1030.955126987031,30.470301851913767,3.8659783389029605e+19
3.649485020255736,-1.4471726933475286,4.073340996491722,2.568336396000487,-1.4193361132695455,5.487854070288162,0.5333710324052385,0.5902035168549407,0.07345057445591413,-3.3911621286154063,42.49116773663426,6.442809406336871,3.8054228508605195,-1.6128349569085332,17.67181613812384,155.96749531921037,14.682270541683843,47507187.58545518
3.405577276928335,-0.40941474100848113,3.780512480479289,2.369223923871019,-2.155348376845623,7.198813074183242,1.7344077398505822,-0.2685438382085118,-2.236669655675704,-1.329410741899306,31.668632776358223,5.98087087440574,3.320058850157622,-0.602730875456221,30.572297942135993,473.9465376787092,21.688680625378517,19026876139965.492
3.2038027382636183,-1.8429891687425408,3.6106229180166665,4.1124635050755405,-2.0032822278987226,5.402907528491533,0.6070747594804682,0.44895852319439966,0.5752346059611169,-1.3168128972017004,26.85857544985365,30.062985317105227,10.592057812942345,-3.882265760238284,15.326821943928996,119.93899453165209,12.93126336228007,4553397.982722658
3.2379317702485038,-0.204263878619608,3.716562120815837,4.97308420920748,-2.5299331438938104,5.2826560139985945,1.1473072150726384,-0.7505110583234792,-2.487107741428783,-1.3260260487947966,30.119329297683716,69.57018787955562,15.012789067204617,-4.656245305144378,16.3460649226739,135.69440655047356,11.69940460376511,12617925.86158399
3.8190091294062487,-0.3564133286865986,3.782472690666402,1.008643607532643,-1.2194045172442176,6.977768333104558,1.68449369763872,0.08633008250818007,-1.3510698480681178,-0.8897920857340027,31.55619766296518,1.3459901840130555,0.6111713318634023,1.0174047101443795,29.901029559341954,453.87070167892625,22.060127066949885,9723874309272.836
3.345369821111964,-0.17579623920153087,4.033940116594589,5.56467116401731,-2.677160933488886,5.095408332742737,1.215060164056476,0.4545717999966826,0.6077093332138792,-0.016501031554690015,41.15955772058021,124.40794525043574,18.66441445404164,-5.742620173990404,14.555838793058193,108.01790159049091,10.746746476497187,2105978.108207463
3.3958451086841666,-1.9330028060459206,4.139654646539794,1.5961082203517036,-2.070613292445643,6.300799944739797,0.76580329461274,1.0597890198352635,-0.37337593869503477,-1.21769426214503,45.328866498576176,3.3121680956478183,2.190672001002577,0.8938053601670317,23.43592811110972,279.43442232045606,17.524943201501728,15138451454.804914
3.2797944168639668,0.14249231114237274,3.330664492328752,3.3543747195944897,-2.150227463059494,6.434105211782539,2.417970754462178,1.434533430664188,-3.4783721261379736,0.6230440398582225,20.399076220388267,13.919088959058351,7.3975095645130855,-2.6627721870774472,24.564375877083513,307.003109455964,16.64275260101734,46790759022.965294
3.46184684152995,0.3351355695275249,3.7494030971888694,2.7104364750641663,-1.4882451091030433,6.454369572774238,2.717654256783382,2.31127782049358,-5.071377311479547,-1.0236155843910681,30.362660124287114,7.715662153840543,4.9315255792142025,-2.3308672917337887,24.091246340017495,292.6465367694984,18.958127833613357,29152952371.063274
3.467923446461379,0.958151494418714,3.1375519672043803,3.6197284913506844,-2.3548209122134423,8.15273185664166,3.8713305737870893,-2.194357220846686,-3.5210342528629157,-2.542523242979237,16.843761504551832,18.600262761046455,8.185297617764236,-2.133596749808883,39.55041094871563,794.2507830759156,28.678044266728282,1.5083857736625107e+17
3.2763221788962906,0.29512338768772295,3.958451226578645,2.4452859033575507,-2.9673512065102354,6.176689628309384,1.9167055682955185,-0.056105282081609614,-3.4559380832816124,0.5811552873115378,37.95036281812185,6.469995494682012,3.6684418540394015,0.6874619991172336,22.200205371252103,251.97650673723305,16.10624015769352,4399607001.129685
3.2324936441298715,-1.0369826161753721,3.8421964885674202,0.8965643259729157,-2.3368944985611,4.731672483344984,1.1714465033806774,2.5445797214234087,0.5686476455436557,-1.950001178545991,33.34983929849347,1.4473825768565765,1.2082803171164682,2.513514000204284,11.659143005597663,67.91944118368824,9.138613324008448,116284.02138050644
3.4958495707386956,-0.6133410370786725,3.51392299492236,1.412411678762935,-2.4464863644408137,7.095763592295552,1.4028820745627213,0.7817505026330863,0.6608309209207927,0.6820089916928835,24.662608088585092,2.4427144659054894,1.8370309064122843,1.3811119127106912,28.76866358207184,419.3508591122943,21.371263460906626,3133711714538.6226
3.4150841610496045,-0.8265341351804243,3.166150955258979,3.614442970796226,-2.27287225273552,7.687628017678211,1.19154204210471,1.9008835548625913,-3.043660009692395,-0.6580687767193086,16.881050960008412,18.188566453518114,7.934839643211332,-2.663220815674097,35.1814896694679,626.1579913260185,24.86319223380857,1910354757435547.2
3.7590038402876274,0.11506300657065822,4.61596927396187,0.9832858121517487,-2.5675314500423374,6.570981883491976,2.038831805231295,2.0295100893825637,-0.013078166530839264,-7.5011523991730265,72.65523463165563,2.1514540157978113,1.2762466459074198,2.6050636405596936,25.56930817510619,331.19948961539075,17.48742010466258,127819361047.18735
3.4723733487734094,1.1650542601292042,3.0042269228290723,0.1502079588115195,-1.3172122616492756,5.802608138074867,4.347068932660278,0.5933546783314215,-5.765278591214363,-1.481942819958442,14.768749460215307,0.8591414463386793,0.9633016644754266,2.1001912993315273,19.64055510114034,194.14159016394953,13.395725607181582,340229449.76108044
3.2675969309356883,1.3420790037337804,4.020899493618414,2.6098730402302666,-2.67019092187366,6.539312052640371,5.067513860072933,0.8200935968499659,-4.1849892061491225,-2.8391585288724897,40.335777158759555,6.8546845264920915,4.486892841503709,0.2696941010348508,25.65219654322191,334.13596769546285,18.25280035324538,138865577003.30685
3.5114570196626107,-1.1074155182856653,4.050381699170055,3.8666259568262955,-0.09843974251312426,8.586569111841438,1.1382231469364332,-0.5810521818575795,-2.7822436489592564,-0.019045829603984876,41.47502471982412,23.475284481786023,9.396451756769904,-6.654488060119746,45.7538453988291,1060.7968036110412,33.46055610853187,7.458127065394374e+19
3.3242377527452875,-1.1180701214457207,3.815354470663781,2.6662261059319583,-1.7527603886632777,6.989716395360903,0.884186127316158,1.9994268960727997,-0.35507920734322496,-0.19527937675632245,32.69293188612922,7.722550645145761,4.923596552072193,-1.4489685256975664,27.633604332309282,386.78142436741985,22.15455616571517,1007184589706.2512
3.4551584280032244,0.10795296436191493,4.453831157923673,1.990751177846826,-1.5672930806076526,5.791914424949703,2.2928446168214363,4.30840686711273,-2.5650949485969567,-0.1541237451745181,62.33254961195053,3.831101782991831,3.141924663548835,-1.1450196497053382,20.516257208332288,214.84330891064192,12.697886654315234,816741242.7641109
3.222326780274498,-2.195729171155976,3.250002884312234,2.57531945906899,-2.6269746157512808,6.775059127722278,0.8502580385511385,1.000040132313379,-0.1615830088523157,-0.06118052068183227,18.59329316375471,6.349579297853898,4.76007561232541,-0.5526673614861959,26.112706372434175,343.0806376045468,16.772965770352368,220085525385.21124
3.2740286032169217,-0.28100807547092743,3.2824784618288136,2.62808174152013,-2.2094396468552855,6.080315114986423,1.9595289162349898,-0.14003883442405013,0.2772945141914822,-0.9772033501389212,19.78805982646985,7.0363376511840885,4.540064960511753,-1.0207051352727192,21.20129993418736,228.37949726748877,14.679768097919405,1620297502.6689827
3.2690603886782728,-0.9367108152444547,3.836130981225378,1.7669168320965936,-2.5847370991981937,6.083937957083504,0.7128506215432426,0.7589216994127319,-1.4060749724818704,0.30321670608507834,34.007342139628555,3.3472873750822307,2.6936776979600268,1.7181849984556683,20.59696271527574,215.56770761866719,16.3828541674434,885389661.2584465
3.3264740589704593,2.22347276454958,4.4307035481761945,3.9833081006091096,-2.3204517794735264,6.318712099018937,12.711362129690155,0.7900387494653331,-13.537428489532191,-5.092581941370704,60.494054907422,26.422141384483037,9.260428663084252,-3.1073325236540064,24.565215278310944,306.62276525587,17.483637033995095,46830051704.75751
3.4588789299449307,0.2651436202701542,3.647948771510373,2.874399747134311,-1.2037975466255266,7.290837049991851,2.421831172225268,0.44396436083312407,-2.671502553743943,-1.7691215080302025,27.731575332271948,8.510112532899448,5.60947486428327,-3.152997955234394,29.595009937651426,442.6637062592538,21.00391392135129,7160390430261.144
3.606861105244934,-1.8720711762422222,3.28325098501255,2.408906622625818,-2.2188555611819853,6.119613695355565,1.1614524587329638,0.5731565127126744,-1.7016678402226346,0.8885597846456086,19.590023562684536,5.814272503500793,3.636463217186471,-0.4906816018286685,21.885779123914162,242.76504844364686,15.003782000015573,3212626961.43031
3.2255693529441607,-0.09103479080472254,3.599333461932699,3.241557782004927,-2.3349729030190294,8.227557379118991,1.947802703496512,0.2188321688960004,-1.6596834132562404,-1.0570241031551202,26.330266999299248,13.121884865046384,6.585486614604209,-2.238042084085667,40.127124672477215,816.0795379331383,30.40060415135871,2.68519614842603e+17
3.2257323962466233,1.142833768172126,3.6934326175981913,0.6505941378681419,-2.2507122735786,8.581185024738378,4.340548271030637,-1.1518326786982702,-4.9026956610591705,0.43630145889918515,29.599745319528513,0.9631142854772269,0.6189643218497741,2.3859598347150905,43.387545787528765,955.0114306209388,32.46056548965079,6.997757921128083e+18
3.4179703038295886,0.34505350202476964,3.6340377334075464,2.095860483305835,-1.3349137397876327,6.68509499168375,2.7529346008852196,0.265297763409009,-3.4469399173946416,-0.6807590555183571,27.532323108160732,4.575981235551177,2.6897020762056005,-1.4818512573288147,25.782104040337256,336.26851845517183,19.988302538382772,158129432461.83472
3.4352776491082477,0.835776276206902,3.3223313438104043,4.532276723576997,-1.593859972393684,7.049143410529595,3.7667423489699488,1.003425151834475,-1.630019852844169,-2.332709537926257,20.096298075787075,45.270922398939476,12.458337438195827,-5.794387400810343,30.643079477900148,474.9572040154598,22.82771698932565,20422434951678.47
3.5854972923642654,0.7777798628963711,4.647880386469144,1.7034345592578992,-2.8585283401657633,7.56027364902618,3.729486773989261,4.027689018175111,-1.5996330405006405,0.3862453678371629,75.37019856820663,3.597250980620118,1.8979889447216176,1.5094673207235412,30.21474957713556,462.2390064374833,21.506450127800157,13307185444675.809
3.878551066150841,0.13156423918455598,3.6087487142694687,-1.3721736901896509,-2.3853076388564483,8.611370461756174,2.43118440505705,1.6180178552074533,-1.378590177371384,0.2690619192122722,26.024059037404136,0.7911964775720534,1.479073408250211,6.6149698549739435,42.88636260145322,931.9044120862104,27.95032053663069,4.239335836723687e+18
3.257712156841595,-0.8988045523864885,3.0188585154330965,0.5041384858568374,-1.1908462530790334,7.935387129088282,1.4465223346693972,-1.5515924934826664,-1.4741126619171367,-0.995377645430797,14.753927933569113,1.0978284010523076,0.8192052615132573,1.8423550236683157,38.09620141506781,736.3539517102919,28.07444970890853,3.523361883303256e+16
3.4097979428633236,-1.5934836526705125,3.903742330004239,1.8904905421187346,-2.727903814524037,6.06717231593773,0.7160608186437813,0.16702516246596688,-0.4736270980142516,1.6079264986370048,35.699770006878154,3.7253604994638545,2.7654909187553067,1.1508017073847774,22.393820253043707,255.14986736873533,17.440056240598913,5339489783.653563
3.4805995427199656,0.8044323775404455,3.434791213439466,2.465653931116183,-1.3533669093051686,5.352706768018867,3.724394256838249,-0.1116251986832316,-3.3408959650487615,1.8890987725009076,22.59022095454059,6.34929643890977,4.484444998733513,-1.3992292839969869,16.791460820626597,142.21431333849168,12.675214351079651,19698162.814574506
3.499298283791419,-0.4803453687537262,3.655697488550121,-0.17013141911788932,-1.4710734024501437,5.402618392612309,0.9804254828947689,0.33792254976463304,-0.4579708997873655,-0.4488611280340119,28.26449964946306,0.909432459104512,0.8018811813258013,3.0544377399875167,14.838622183431266,108.78632482836385,12.12621646202873,2794609.561000556
3.333559094475495,-0.4503910622663183,4.268975913897327,2.8230502601267746,-1.6896266900872827,5.115066393926216,0.9790686861785493,-0.7478471432205889,-3.566335313446698,0.15194677827235747,51.54450787294678,8.593977260193588,5.201529644411695,-2.1759740520147437,14.481832375627713,108.75163448208613,10.882812181851225,1955974.8707632557
3.4996891431664694,-1.2487046670159876,2.9803801512954986,3.2841324520952986,-2.2974934508819187,6.504278444243008,1.2733468145163218,0.11579623311751241,-0.9216144729180804,-1.123703037140047,14.642991897852712,13.258857447413096,7.076668563383219,-2.4214308784421257,24.19755403013896,295.9857878643456,17.871685611330488,32422864860.6579
3.3471420331077684,-0.34516834548223174,4.478624598595291,1.3953812145801106,-2.783811556460859,7.515227876436592,1.1584723089976579,-4.200378120032971,0.6939170555351328,-0.29670063486753695,63.49893512603602,2.521272605935949,1.3548575594960852,2.55073137341488,32.13509329905777,523.9130117198289,24.618316834879927,90798963492470.77
3.338543548763579,0.9053251389253848,3.272706481115435,3.003727241072419,-1.9652604884612683,6.9576619070517305,3.879310119505708,-0.02124485871203516,-2.5778515077945956,-2.0576930082161713,19.030209498055005,10.30688833609989,6.16249586834591,-1.9339137871250325,28.11264340252125,401.20440261658695,19.571806760610123,1626121893733.818
3.48600533973749,2.350748554963471,3.9999157790717934,6.872102892229317,-0.5116320124431177,9.234935436818231,13.945595593062588,-1.0488688316318053,-15.203649798581386,-3.761540113758908,39.41956853180224,460.4978553676246,28.020385078348692,-11.775138676712457,51.264625445092044,1332.4062973277075,36.791021300521784,1.8447229181588658e+22
3.2723457217837395,-0.5847761977387643,3.393309082338579,2.4199381526993298,-1.6177058901775223,6.508367649322098,1.507228997369708,-0.9247200896075942,-1.4084006767105122,-1.6683220678924489,21.518861796704723,5.743594363327025,3.5628668666667433,-1.8918308760282638,22.556861054846934,258.3675242449825,15.809291318438024,6285031809.42183
3.3116102838126014,1.429070617180603,3.3112892677270627,2.0243791933036253,-2.863712992774904,5.867935105456596,6.193871899770415,3.1201019986681633,-6.863237024263098,-2.066670359176805,20.37741638507952,4.072148226398566,2.470705329692599,1.1500995010835604,19.61161531306858,194.01821947074419,13.603484307673819,330524378.27145636
3.3421991315856574,-0.3952252886117564,3.933901175890422,2.222360082633088,-2.02448319873307,6.747489703908887,1.6567814015839653,-1.241439360887379,-1.8803283142453469,0.18702243144864616,36.57101331278335,4.458480230303309,3.815465223449519,-0.8354217104116674,26.88438569616454,367.37496207707835,19.4135306354952,476132199792.5828
3.589537689894006,0.052326875247249265,4.414588421118604,-0.46395910454976796,-1.670895172703189,6.312212335433939,1.3940908596488966,-0.8005142223353319,-0.3974668521518394,-0.31209979604210536,59.84068971841135,0.7280203847163147,1.0800616411522417,4.508109075687143,21.571059630688485,236.1575707406886,14.623561829974983,2345197258.7563186
3.2395546903781423,1.5684906481140677,4.489896406009811,1.8922125594463872,-2.8008818452729325,6.276227954286918,7.194727016447336,2.8490912128261527,-6.085869097862609,-3.7906675085064396,64.61485400031313,3.2462901837736275,2.5589649033086594,1.2020357892442046,23.24110252533542,276.13513856854604,17.714559107586698,12458615296.170473
3.3154606701438882,-1.019612916586145,3.5556445454318033,2.416402561871877,-1.9919057360593582,8.187847732787699,1.1487726913477874,2.3017800709012746,-0.25576161610960363,-1.6243044253878243,25.6856990149198,5.9178377623423,3.7495517135621945,-0.940027228284,39.50712446752199,790.7632400961268,29.27263827179321,1.4444860358414355e+17
3.375381691177505,-0.18064913640201238,4.1299612611532615,3.8243888445403282,-1.7559784955827005,8.824314598203685,1.3639938552903197,-0.5251775871344027,-0.6248098772156806,0.6469757553051734,45.11612348915687,22.69477731081065,8.76584055283772,-3.8325010272609745,45.75672854363757,1060.831414597182,37.42175888466133,7.479660953465943e+19
3.3864227335653103,0.06931755260517151,4.220757842398903,3.8878542816098447,-1.7984247231551629,7.311087977362143,1.83549606372064,0.913573628622964,-1.794689531439174,-0.9939230746328951,48.93013914874418,24.11083340292872,8.903885678893326,-4.272272135080225,32.76811359757256,545.9753807809568,25.144672630714705,171000788700450.9
3.4073466936007124,0.5010877777797212,4.026813926699104,1.8287278581716426,-2.3810968754053996,6.424263501347127,3.144025235194214,0.48382963351195174,-2.1285345196427343,-0.5590366068222543,40.715015260092514,3.0438724125530707,2.64531327364764,0.43371619955140844,24.470450993815835,305.6918648522965,19.551777252936787,42596020944.77118
3.5913814000473985,-1.1544982527824712,4.6536067448504905,2.226916464122548,-1.3443125440338022,7.0329214928627035,0.630221080262731,0.5139423708947428,1.3271116459483479,0.19732175256175083,76.16947976607109,4.554055866493969,3.856755098656734,-1.8049555158680803,28.795117181439277,420.96614233750006,21.162687185431672,3217715876238.631
3.4896588601265237,-0.3580629676980206,3.291758359655049,1.710640319445306,-2.069857259543943,7.65734569283179,1.7546242937440604,0.4792793492224675,0.8283565513440954,-1.2279499840968648,19.320823810338513,3.2854146777239577,1.8937933250571977,0.5634118452447179,32.48409932109468,535.8386536498028,22.313794863797572,128721852244390.31
3.6285476981939464,0.05158394759752094,3.8846506318383156,1.9057892530858518,-1.9858873438973432,5.714781370370666,1.9021656743003432,0.9326269931478353,-3.084993047824122,-2.5299719537138605,34.68150103467187,3.6971433534139324,2.9191336438012447,-0.32720049947827345,19.389598136592788,189.54487642782266,13.00056591210039,264717506.32231793
3.255346942345377,-0.8179162537212408,3.5402442795972515,1.6641510001988231,-2.405484002851449,6.462557811070722,1.1565620750463717,0.5562874614518329,-0.21855658784978138,-0.8955047070517794,24.792408064171152,3.5074349920944434,2.47883043737482,1.133838359810024,24.29621905398738,299.6235387988838,17.36763069924957,35785003324.8823
3.584812240893866,1.5545603416018565,3.61747154114882,1.1032178460694113,-1.335426779524852,5.140014212281535,6.400847919585259,4.029427943356236,-7.587365725258455,-1.369557435316773,27.33504008397345,1.4547941168888503,1.4981928347286448,0.95279040456131,15.033640988367003,115.096648394911,11.107616415119631,3396362.1924617286
3.312365693936246,-0.2870911081338058,4.164880795026921,6.21534037722807,-1.5450497950525275,6.450957432974798,1.6165691317776378,-1.2054503537771528,-0.32565293919149463,0.577295758887153,46.75581358518149,238.59032855293364,22.373582947407193,-8.113796320487094,24.57068731962106,306.05118766569683,19.39124148762939,47087009643.70415
3.302941692761915,0.3050869350955004,4.534534348920198,1.9951698800049558,-2.257314682566455,5.143368930772195,2.499844078520501,-0.5184987623363249,0.1392173278824147,-2.6226075679358245,67.80885314643898,3.5073462605189616,3.011863673338557,-0.130231803617986,15.147470960439883,114.82643417164066,12.974969972323487,3805830.4068269525
3.2026495209378183,-1.981785580442018,3.6627471925775668,1.9369514981488516,-2.412229703846601,5.515626651976024,0.9410459845325273,0.5819568686979127,-0.2700974201851223,-0.7220603152344928,28.441795637335293,3.4578497302764633,2.3938616941306954,0.30157876379930626,17.596929463269635,155.8423549945264,12.314838994884266,44079484.14351954
3.2932613043894756,-0.31147792008178493,3.5011639748613894,1.6116363318671076,-2.1568855260170605,6.011132090967374,1.232961261907871,-0.26182196096393945,3.568522447984077,0.22126778500597777,24.25375125940231,2.8757268394891313,2.401121697591626,1.0539389717331207,22.314192369581527,252.89836405699242,16.92942152542882,4930804797.5935755
3.583205073565385,-0.618812237511349,3.1489591640889025,2.5165041571456355,-1.5639255316303935,6.13747803593394,1.6337421001592751,0.9878161182141859,1.9058475195736544,1.4507413536294962,17.091788025147714,6.172954916221036,4.4547989605894145,-1.8910406143741327,21.32196744525153,231.10368001708005,14.977399965827578,1828100203.9969943
3.414972389957577,0.269628098126392,3.053984772407043,7.566334108767114,-1.8237911698250386,4.735862286419999,2.0040084912047624,0.529015392705141,-3.1846842344973347,-1.9695694319669226,15.686466347058499,921.3690277596465,33.06126508069127,-10.678233446447694,11.37845605515502,64.43560223244903,7.189762401775484,85892.50743278365
3.3482618653487504,0.40784065196990016,3.7838008271000976,0.5577202977287397,-2.037041151313377,5.836935117544446,2.332344774366411,4.099379843493285,0.03613056312176255,1.412137555300743,31.984355982945015,1.5288853489617837,0.2841847974930141,2.8104939298195646,19.237481726766067,187.15722972284308,14.637225760665258,227362784.45865536
3.5577999199338866,-1.1599471771664558,4.315181176825784,-0.1587043474286136,-2.317216195152048,6.591908232819401,0.6940229123127045,-1.4450153018932852,-1.1392764301595648,-1.1383932410613256,54.37340018896674,0.6501318424009941,0.5455735604642077,4.926565399510673,25.042092469604842,317.19400037300966,18.50221535103498,75444879856.46117
3.230167809600159,-0.5951276342386548,3.8898548547110887,1.81118811826184,-1.4274728889579475,5.964261610961142,0.8991672186806874,1.6346625609353762,1.9307417664936861,0.29752464234747344,35.537513956262245,3.592594931051228,2.1451908477485895,-0.9745674617679876,18.963310763172668,183.72862006062522,13.487492690246468,172841650.28081656
3.48123575730397,2.7371450839049576,4.092442538734522,4.701792931337316,-1.2833772163067039,10.335190515402726,20.774473159254846,1.7393633131192787,-22.55587658636884,-8.66782129642001,43.2390617612633,52.82302754581331,13.727536342590232,-5.725335754551731,61.419879147721495,1912.308258706521,44.81587954280974,4.745716477656319e+26
3.3911403361693173,-0.9888133798561708,4.418912152442433,-1.2786226469270652,-2.126270946678033,5.277874516502218,1.4758534230011957,-0.020542656077289695,-0.07685266194112333,-0.7478692959028789,60.049223004781815,0.9677339113290022,1.9196424370418377,6.7169494196216375,14.626234921644501,106.80510795171992,12.19281745967966,2260619.847137907
3.560004600573592,-0.6977490816262488,3.8608762348328947,3.6979285180308343,-2.1833438568953136,6.033507996421992,0.6872010582559981,-1.7047158888399898,-1.3516790025762293,-0.5288096257127981,34.43730323046822,19.23262067761345,8.054006708777756,-3.191628895765783,21.90730498479449,243.12917817715004,15.912831313952248,3282531169.0468287
3.1652626775439305,-3.121509773470029,2.988643165430521,4.434988244523604,-2.409469304997829,6.696376136701577,0.4429232261163893,1.893539384135863,3.730790838731301,3.1756633830080254,14.766890955250464,40.62545820579266,11.479699320323357,-3.6459314693435205,27.361093572370304,378.6306873950271,19.885666599686907,766936051033.6257
3.637167291530457,0.3455356454145551,4.4164775103024425,6.6303958067915465,-1.3609246924438319,7.527850594642267,2.4123096373720747,0.10403540387631473,-1.3275206135106616,0.9353627946594104,59.55543778228978,361.75097871950044,26.08831549740846,-9.731333296107097,33.40132589509473,565.7583656367736,24.808994283199205,322105929902157.25
3.565981678247942,2.111430569602382,4.295440371997849,3.3014936813923934,-1.1522742853172199,6.56157081895816,10.940295991935795,1.3327044803475572,-14.306605995555998,-9.994948891901657,53.39165431950021,12.98791545926226,7.259316564941642,-3.446939631005897,24.778294892673404,311.0724277172183,17.22822371284464,57951400815.13359
3.3858021518929102,-0.7941924024270829,4.543844676006165,2.305948982698557,-2.268009190646393,8.73285321551716,0.7940968021280574,1.4559495136948584,-0.9126430685245938,-0.4945084927921132,67.9453596775529,5.089072960211736,3.997846684952026,0.0934656395011787,43.39960577544727,956.4428048993395,30.70858828888894,7.082661737558534e+18
3.2017556137887278,1.8006542723940495,3.997657721033397,2.178314035554895,-1.0953925703264724,7.22947477292725,8.214716956571003,-0.5770703253246723,-8.558237249400696,-3.046878686265663,39.83740563061753,5.084257277030988,3.0922388124435156,-1.4679904305911715,29.62366203546439,446.58030195528426,22.67052506736578,7368518045439.754
3.3305635817174064,0.27367314978399526,3.4106062411869473,1.0329355221008314,-1.5846576435688475,5.791660550289019,2.052437983409741,1.9218018181413519,-2.232252559347792,-0.5813222930487643,22.260518964200454,2.0383248900373037,1.4624614093526507,0.6611662391757955,19.387892154217184,190.9039612719565,12.345546861940417,264266291.76740772
3.3574599328213943,-1.517492378739176,3.3503620421316143,1.8652900523587226,-1.3632984459775708,7.202679367262756,0.6238712438192264,-0.20023328268756996,0.04284413087493533,1.1742386967670342,20.95800025991672,3.208732786422681,2.8938040140248917,-0.7098780916495743,30.208396081469896,462.95659357210207,21.82357776384518,13222906316671.465
3.375491866005629,-0.31679235784458626,4.657512039545607,1.8811862205267182,-1.415233005979249,6.740561170692936,1.0521725341803916,1.69318196009807,-0.7291531638623787,-0.7322083050710351,75.87082804743243,3.2743157445864055,2.4215746684434962,-1.046321540076438,27.827668384606405,391.4461695030063,19.803534758645778,1222897393502.337
3.3812835283602682,3.157923204624485,4.588267050854839,2.824961628903944,-2.119140175207569,8.409791694778507,31.359658795709382,1.3117267972344333,-34.418909153572855,-12.211698483405174,71.04721207971356,8.06168788116826,5.36707608214907,-1.8345207463877633,41.42917350106916,868.4959487365539,29.056498471587087,9.872988632952141e+17
3.263724630127403,1.6015383476392557,3.1418022221622857,2.4267660224331635,-2.127462460093457,7.864208870930175,7.112692995372823,0.6698074958097284,-6.396851173900058,-3.0897356610934077,16.51633415173206,5.566471550825869,3.5890082647656443,-0.431610560928838,36.81825183086419,687.8202353124811,26.277019070151383,9816367279151764.0
3.2610597002286315,-0.7428587092158394,4.441966010671404,2.376988092831304,-1.4296090174146832,6.536684708573183,0.9429283007975441,-2.613384829143111,-0.7766840784759257,0.7885549758026795,61.60630303877477,5.628988732414833,3.677046546954864,-1.100528049636402,26.241776256857705,349.2561389904782,19.226762958654973,250406627618.53033
3.3973079971428626,-1.4802174775622898,3.2918602352789983,3.0821983648531566,-1.7805540766882328,8.288724603421329,0.7243922319692576,-1.0007597606545964,-0.7559971153495926,-0.7866984686575028,19.604456812611183,10.800417517700742,5.823211356258989,-2.7798355476353462,40.28285470339946,823.4051717712865,28.513352845181803,3.1376804276724346e+17
3.392235731868653,-0.023857528850909346,3.609277004424119,-0.48405044551211995,-2.9234022023038615,5.144384218884064,1.7972798951381415,1.680487646197948,0.522811167446191,-0.9375989677669312,27.179648243044166,0.7603650171794297,0.77988779847902,6.088040566613212,15.063197456677297,116.14721211887527,10.34114554108243,3498656.6490756664
3.248128214044876,-0.7120474577241135,4.433361111278565,2.7461056264414405,-2.260155367421125,5.289495253164598,0.8537970918809173,-0.12172549474569007,-0.5937776625256052,1.2999727627627506,60.48786333957573,8.364208628268074,5.007454955909653,-1.4587929852808652,16.321624970986004,134.53414948422775,12.0801317682799,12313409.056447206
3.4084924861720447,0.10082655905310582,3.6227852132419813,2.791019297006167,-0.8275747062861134,6.127624358119231,1.9723325941021441,0.6699641458322579,-3.018534912073294,-2.304062532226615,27.203002761615455,7.810394171722569,5.412300821726619,-3.432904006479509,22.489657149633025,257.0601600175295,15.621453934637385,5876533202.42506
3.3472880349197056,-1.146973372278917,3.293227189499884,4.653779976858326,-1.759112476690862,5.048273201869763,1.0253066354366998,1.3998284068436007,-0.723003006225955,-0.10213361928829444,19.80484906979919,51.01191298875269,12.89965530327383,-5.5054982833737105,14.65968380459136,109.08666565729679,10.68038837222334,2336617.211587728
3.5712974172444683,-0.37676565851940563,3.0700106913266896,-0.9580469672100387,-2.0459417058318032,7.1743157285000345,1.606192951742285,-1.783433045586093,-0.47319459970258126,-1.6870864039363154,15.939047073594901,0.24628404881138866,0.8981161285392654,5.970775591656258,29.09262820599654,430.1327351263907,21.032153958225923,4332664788366.9136
3.2892082879365283,0.4530812773891252,4.515373382433688,4.061403472740892,-1.8935109762539404,5.616120953516921,2.3027836949393183,2.406105047825084,-1.0849829879549444,-1.505387335052554,66.23908414375607,28.141334853592284,9.859236713249363,-4.402371825336833,17.99390585213076,166.051658988161,14.717702325390157,65560284.784894906
3.457766245110683,-1.069360812382856,3.665797110239523,3.5924763576311167,-2.1843115526529764,7.996758232704524,0.5695199248163052,0.29882233583753814,-1.3869848181656574,-1.181414641674902,28.584936637484386,17.318503521134236,7.566057284471699,-2.790748566182481,36.3483379177953,670.5704714352665,26.772829847253295,6135780003501000.0
3.4721594980319788,1.532220902830152,3.7420703715273245,2.599637732686881,-2.21400656583993,7.475340732502625,6.504290592594967,2.2273144422457083,-7.191885344946301,-2.3456834068809265,30.7922874360162,7.032759385679273,4.473396176894693,-0.9106958895154101,31.700658204932356,508.58442554262075,23.764333956618234,58804170316241.35
3.497981046794613,0.6139215354719139,4.253009160815244,1.26995248161632,-0.8302472360956066,9.666488328450356,2.88714048975028,1.2733614526900858,-0.941338651175295,-0.40974667658300556,50.27968081733135,1.8149223041703046,1.8753101372606524,-0.21623940625348548,53.4649345912167,1447.004402180696,38.47391134092783,1.665379690014109e+23
3.4601687308387796,-0.33255592859995614,4.681383450450515,6.898205486315288,-2.39817495407287,5.299009884039546,1.0589467972417248,1.3558133895326743,-1.2777092556563077,0.05848449468589084,78.16518156284582,472.28946448986466,28.152222753278988,-8.255675392599457,16.94563081806003,147.04205891910036,11.507941840864923,22980660.665222444
3.3578395853323046,-1.657686874444501,3.5002298098241873,3.476080145737483,-1.3907981072714715,6.289532653152412,0.624756720298945,0.10053368791087147,-1.0044600175351626,-0.05602598905919777,23.51279193675595,16.196574431940377,7.939913531665434,-4.041954646798986,23.389832664458105,277.23996396664495,19.00592521569201,14456476465.704977
3.505942382716358,0.6097470385374565,3.6116000595471247,2.3956619725711326,-1.7788214746859228,8.741748901544241,2.9505143101045346,-0.14210733906456258,-2.790689661152474,-1.6717395657776388,26.319258942610908,6.182039091061698,3.908619233758574,-1.2578733422709498,44.25589718485982,993.1927693591273,32.94418571782812,1.6675510367811727e+19
3.6835744750555297,-0.5665650940896371,3.0381041375577915,1.235742997441462,-1.3243914405405899,6.453832181291887,1.2000821565483353,0.04135175122951542,-0.8897275721898444,0.4873666829453546,14.916465055335483,2.619059241259248,1.4206353026959777,0.6107024720086796,24.650542359155647,307.79492990327253,17.064651480707134,51001355423.478355
3.309538251779652,0.2371196915785127,3.28439681229293,2.5466951647428235,-0.8891356952251699,8.675807766807539,2.524035163127025,-0.21284844316941348,-1.7135218236147867,0.4387054741064511,19.482273633128376,6.83103708076348,3.971663904846091,-2.9008389395560594,45.318993564454225,1041.4548435082593,33.36616979648999,4.828097437089979e+19
3.363464708070493,0.9397634466928865,4.403844314610152,3.2327467436390096,-1.2845467960722297,6.3088596085776345,3.3932102914677147,0.24095504976227194,-4.315730238179576,-0.610222752930601,58.59055831964022,12.355328364484098,6.961318442486594,-3.4535725555802994,23.489323499962424,279.7583507191918,17.750741884559964,15968744588.497461
3.7369529789479605,-0.2450123944939521,4.62139992838459,1.9640878442893175,-2.4254091254736654,9.222400618071994,1.4954877094485266,-1.6760776121332768,-0.04171090692427848,-1.8779508809316805,73.68869891339236,3.8521654253726756,2.401786481795391,0.974375485797314,48.699058224443704,1203.030258208407,36.76192485276573,1.4181411414010744e+21
3.443601140790249,-0.1477773191680999,4.080417767776911,1.7302281553959575,-2.767587660763316,6.141660893769395,1.8519266808844628,-0.8928886956401202,-2.686769074869755,-5.116048947509618,42.44702185458977,3.2209324020484624,2.6103254375435583,1.6188706059678881,22.293895446219103,251.48345879573,17.986155514933543,4831733453.225264
3.239656285216093,-0.3745740607232302,3.8905216626017887,4.321494043113615,-1.2847564727831846,6.621860787603,1.6059106085833035,0.5788373840186438,0.8326829660240972,-0.5052745430533099,35.8853134460734,36.016138904435174,11.642297492549641,-5.216355960886673,24.76924987828,311.26478293892546,17.239049094380718,57429592952.790955
3.177882099521493,-1.931921564346706,4.1653352087799345,5.540397373751124,-2.4269873157251696,5.848142084699036,0.8227486461178435,0.7935712104133424,-2.218239252087529,-0.5932112505157762,46.977901965825374,121.58986524758912,18.497978710955824,-6.209684543849562,19.350930879448295,189.41861242276156,14.430181807467608,254676726.18482465
3.6312435612462757,0.06409946225665644,3.306524934410331,2.3227366566244205,-2.896131393849904,6.034339403937611,2.2484237293078366,3.565566805084382,-1.0632869414785941,1.6106924762728738,19.45760869302351,5.004837849458333,3.6878670343505475,0.3328584062019453,21.294382116671734,229.95429651090998,14.117821006725917,1778360658.5811205
3.5519007921489143,0.5192452415114274,2.991794501909928,2.875057975103295,-1.136649581848519,7.403808635357221,2.4856923648492377,0.5334347418703154,-2.516442902773044,-0.6570592598744964,13.983967724118367,9.248361802934534,5.468502321535075,-3.3536284996566397,34.50764741171852,604.7598759400897,23.58619050706506,973796142954295.5
3.5347634119627243,1.9173667525871605,3.6196602009129517,3.4335960268567054,-2.0740898782393,6.494008973192111,8.988611550863704,-1.7509472889064273,-8.457117640875365,-2.0248885582491383,27.273366733572296,15.37524681298276,6.866068463864194,-3.008867131546124,23.530778892173636,280.7054504817569,16.758335858816164,16644648282.338829
3.484252469696918,-2.410575571505175,3.892210831256812,2.854066805313902,-0.9630132147635084,7.001062984159273,0.2822593772536821,1.411166536639563,-0.0999773216757132,0.4213073148896427,35.578029783834694,8.56345613287876,4.753439700716714,-2.6830980556319055,28.72064185810032,418.77244165127985,20.421259771776935,2986781628603.235
3.5795561599669585,0.17177414773954766,3.371652611865716,3.5592100759083065,-2.0908687657554745,5.172975776408339,2.2506524958941316,0.5701385524007546,-2.0017726821772053,-2.7709143836690915,20.95609806431861,17.59806308097764,7.66101562727124,-2.5019984321711295,15.826950456271396,127.23683792852347,11.196560619520405,7508312.278035389
3.30942871381989,-0.6059821791177762,4.57005728161144,2.705239384339726,-1.244186049813244,6.501619906491227,1.3686201420427917,-2.364165605754164,0.4315537351106363,2.574703194714501,69.94506381776604,7.804319628096631,4.311290152774983,-2.3693408975982146,24.00130373322012,291.6900341795465,14.317907920923549,26645321528.496407
3.3791775148888474,0.25239296434329644,3.2078443481541457,1.860832511463586,-2.0552697731826033,5.641298830384734,2.210519398791866,0.38811994959683677,-2.274219358112278,-0.9919267698553316,18.257317408172252,3.076174961700849,2.6586578993438454,0.6079327122956796,17.89497448014766,162.02332969599465,12.113050184326895,59384872.340258814
3.420039065144152,1.4895703804601885,3.1565915824140376,4.194945517633437,-1.2754240819213143,6.1469915629713405,6.04454308757136,0.2142858880684763,-10.74672446226051,-4.237802782414004,17.42858378133625,31.988073932544815,10.82807314031463,-4.805100332676753,23.89666427487741,288.6707317934848,15.219109103393743,23998087080.929558
3.535106093196651,0.3345167076924377,4.020869821591454,1.371552656547458,-2.6670133727487646,7.662791543323088,2.1741278886807986,3.6468663565536055,-1.9486447708598034,-0.6516173458237121,39.94532439874329,1.9839185246826738,1.4874290597202915,2.4634221670663177,34.74808926819965,612.3899894358711,25.310565436306312,1238484630896576.0
3.2834292583360476,-0.9619884805382066,3.843763056172156,3.5638334908739355,-1.5484106482045692,4.577709423400252,1.1740832088964288,1.6386339256823523,-3.5932783974504257,-1.6086148843873722,34.1310110635379,17.158991277326805,7.411361511961357,-4.094776573994797,12.924769527607536,84.95088669252159,10.109270236280839,412197.38021113345
3.406411972054939,0.36005131041170607,3.6421264339551107,2.9544299464957193,-2.1240733008871073,7.738797800979276,2.057616249371135,-1.7924403863136869,-2.7755913903759613,0.029735319152570994,27.618966098756058,9.354560544625656,5.588134826667477,-1.9085015399405205,34.54388237709067,603.9656557576784,23.424675419898225,1009728688290155.6
3.7507615218954062,0.8968340590064233,3.556409568166352,1.2053108937588877,-2.449399762272888,7.989470240939987,3.3005303687882392,-0.6745266571533781,-3.4734351451113685,-1.2072845417401061,25.602264218912733,2.5217920294570066,1.3703290240360402,1.6460261841506765,35.08951626503551,623.8483559706644,27.01563536206007,1742490753629366.0
3.443374900878136,0.03693218263161226,4.283456579702526,3.7341328528881275,-1.3649953128799397,6.077070018553368,2.099226982466334,-0.02830042855665931,-1.5358200772247146,0.3541944921713607,52.27515082807935,20.68816417874647,8.735528138577687,-4.525765612898704,23.556981673389704,281.3584843402272,16.41450716065615,17086548577.832296
3.57442444267153,1.5264709630519904,3.741477054440872,0.781071729688273,-2.6581661347832632,4.796099410261075,6.3943203129381345,5.63828793631496,-7.602669046236211,-2.8707476021373775,30.355909122359648,1.9434949092011702,0.8807192103030865,2.8238237890164264,13.571546187212586,94.83190614743928,9.391872432188231,787120.32263
3.2661224116887317,-0.20593172754138162,3.6051338520700695,2.4520114106057,-2.0003869380506503,4.82362164165259,2.06505100684544,-0.47987442527131957,-1.7409496077832043,-1.1604066802030177,26.504178183232032,5.700447681950809,4.435791167687776,-1.368857783970339,13.583961444359383,92.55780132575181,8.747035427265276,796931.0809896702
3.2737206284256333,1.1099378210098065,3.768421436915319,1.6717773084125414,-2.413383598685569,4.991464308483877,4.526614672559649,2.4690863628789685,-2.9280615673550843,-2.602288965582766,31.290146959516644,2.687292825035552,2.40351960609205,1.5857401730319367,16.2536266065979,133.54031620946236,11.034165001822833,11503962.255709864
3.498405176316641,-0.7377223047073406,4.003643736593053,0.6160774329275793,-2.1909672094238797,8.179581104347005,1.0576460939496215,0.9626037837180221,-0.6070828929474337,-0.22446896225930354,39.33463034835724,1.2496292452695723,0.4712149955166772,2.43336423626093,39.680399731363835,798.2390398981086,29.33832818737737,1.7177732630748672e+17
3.536873403111142,0.9257296778071586,4.245931842305733,2.691954669647454,-1.9176888174642412,6.326613118547206,3.672631645443615,0.44554748100503055,-3.472256212377374,0.1255926823434923,50.63499416368293,7.330177947587989,5.08259008555448,-1.459514100792691,22.36879489576297,254.87473672134897,17.40731860774901,5207525249.321861
3.350612388457439,0.824595130214644,3.871454693680821,8.390012180481923,-2.6833795035163135,9.409968782605588,3.5199045104656426,0.43405812147526956,-3.011716850653283,-2.196369938040079,35.08863509795944,2098.3852323335077,40.73830406236417,-10.779812616504879,49.14793911830567,1225.585447797191,35.400109164083325,2.2216004344381304e+21
3.465809293819286,1.1089627650189189,2.9839810622001446,-1.4848798277123154,-2.206029803646352,6.520409329320193,4.029873322610458,0.6133241527751444,-5.061958275269992,-2.001076266144312,13.941819681176247,0.29535764000972453,1.7365405991360001,6.663318610238412,22.176803498456003,249.1486041789991,16.02035625044061,4297844064.308164
3.5362842458516757,-0.6721932784514955,4.368737917979897,2.628104948252597,-2.618803121546646,7.475135815950464,1.1743784091722833,-0.015029886481946225,-0.9364542966146755,-1.1293252079091258,56.56483614166102,6.9266160759112365,4.297349628101833,-0.6467954756760873,31.883338694536175,515.2659891844169,21.776045891103447,70590337020880.23
3.614553659991208,-0.8292641916497955,3.1546008601738733,4.5873848796028724,-1.8273667041833188,5.625027788259376,0.8928077883750825,-1.300691359470207,-2.2636385385075153,-0.14715259609261,17.28326866603514,47.16630121073814,12.869264727188174,-5.165655182193905,15.727471850566541,126.17211825348261,12.316538551168529,6797284.357539742
3.248964831414596,-0.8085719882836339,3.2590348178552744,2.6512026136101468,-1.9194538110266666,8.223428014824481,0.6134615322451112,1.5893510893311964,-2.171849108319895,-0.028161897460937696,19.169550626371937,7.652587954925877,4.526028648780466,-1.4878312553962694,38.109045701179106,737.2960774910003,26.530577645306078,3.5689088342642884e+16
3.2866750261287003,0.45628016304114966,3.163231361993786,2.261558882297424,-2.1683675077225173,5.087721635094541,2.653929937940589,-0.010679120309853019,-1.9878736709669693,-0.5795605023441908,17.264931591971123,5.166906560113122,3.849199733839586,-0.07843832995968258,14.593472630214363,106.77736968420793,11.318356954305065,2187004.813439619
3.5996692706789464,0.34908945555432674,3.4102973077898278,2.5833121424417818,-1.8239403023450187,5.528332332125503,2.167786416374998,0.22425121590317218,-2.5067807060145135,-0.810860641261834,21.794229617617212,6.549046790232519,4.145208127767779,-1.2840709571560238,17.664043605301025,156.41989576300398,12.15663062586451,47139367.911191314
3.4103466422780806,0.9071442293005348,3.88944761299064,1.0480736957822598,-2.8280077474746426,6.409937403862494,4.179711401004498,0.9919803823349379,-2.6940420592785372,-2.016274899298589,34.84184306921598,1.7190720385742742,1.504721072661971,2.60648239260214,24.445791863191385,303.7459515042347,15.908971999174247,41558485054.954025
3.451899264971064,0.20154801277436904,3.0724230055915305,2.762002034131318,-2.1305118720150773,6.518975295165763,1.8952933204481575,-0.02632372181908586,-1.7674308655489963,-0.48937620591928355,15.19664765466396,7.642037021267378,5.388884157859814,-0.8935641167192423,22.729635167266885,263.19104126025667,16.086988297905876,7470373630.214492
3.1999225218105707,0.2508752194097387,3.4284688216184884,3.4602683010466926,-2.3258787835677737,6.00583284394863,2.389400532983394,3.0102236733478063,1.220499844601115,-0.9111414123938182,22.782402296218056,15.875894015331355,7.07261474157958,-2.458584965994879,20.580495071120133,214.72392753214487,13.393695836967396,870928741.4536847
3.5329587374727853,-0.22283816821821356,3.6373201215651645,1.9766513964532644,-1.522018528575601,7.101419217450768,1.168309974073091,0.36810063196626047,-1.3236418119027522,-1.8870745822771253,27.441693375823483,4.212520215697242,2.8209995457525228,-0.7313889960753871,30.156138523013457,460.20681394787823,21.366098147029266,12549653984179.133
3.3575114446382432,2.2489584196548593,3.6469113748294393,4.06674015955825,-2.115538063969165,5.337091825475765,12.52769404088541,0.9349265492002778,-10.1350489064269,-8.104014272863154,28.207084640948477,28.101451024106982,10.532336869990575,-3.3525475607198425,16.894109992325454,145.39541749001856,12.328962880742523,21827533.633827914
3.3439668093822412,-1.1516123104804799,3.881380942252844,2.7740349907712596,-1.6300996859493082,5.276113612380711,1.1061505167417884,0.8802031453576481,-1.2250391890852916,0.3390680673123797,34.82687781714529,7.891188496524096,4.66372808049065,-2.233202195934193,17.83303993810093,161.240774766148,13.960500131725249,55818467.92692051
3.2974692531171796,-0.043735706493196934,3.9072493372805606,1.2510110380316817,-1.9143044012889212,5.908228248150433,1.4936309697042982,2.8899253064339017,-1.1496495937475557,-0.5547827941485793,36.34308870494434,2.48865530402308,1.8202617283524507,0.8619827191784484,19.368474935437586,190.3877274699449,12.952884454636227,259184471.75633264
3.3238010781992786,-1.408183788564465,3.29091986295952,1.5153701711629222,-1.3827439485160518,7.172214430232791,0.9584764961628508,-1.4734921244497523,4.542384519414736,-1.6725307870588302,19.140919172370246,3.159789263262439,1.5748498841669507,-0.5486627127458623,28.784851148826267,420.28837269001673,23.551699722400123,3184851681201.6704
3.1686175877254286,-0.5266611313682529,4.189844010650649,2.0150200290493125,-1.4969294475348813,5.1169691967284265,0.8087752652896584,0.3095446536696865,-3.33018568291849,-3.340152935565918,47.817818903248835,3.7779671725761967,3.107197878301449,-0.5783646610198779,16.036206144084616,130.31651192900392,11.821078154033122,9255986.371958574
3.249164084355532,-0.3470013502180112,3.202638109860375,1.771348270795662,-2.871577486573228,5.350378994837705,1.0805160268892706,0.891775714769158,-2.1527960273342464,-0.05642157105104073,17.52877178083332,3.574396462519643,2.2279108070917526,1.41498721063055,18.41850843291343,172.66808275182547,12.881589620538852,100240624.25368269
3.4361621864073957,0.6698641638965926,3.1442968128175606,-4.229178220679323,-2.3560047944413407,5.106602330288202,2.7896579442634284,-0.7113202394761425,-4.978388474894336,-2.235886043591801,16.33304133256611,0.4062884477140846,11.06553028299955,11.719791284219863,15.324064166242575,118.65438373497761,11.230915799269788,4654590.133825419
3.697231718318299,-1.4937158614731192,3.393250094065917,2.4962017530767935,-1.57129396082335,8.068061528312402,1.0864728721677763,0.2684867681431163,-0.3200592050528362,0.4644123445470911,21.857886769394973,6.678133917396578,4.370958413073798,-1.824181401728511,35.73377008271168,647.2608402959842,24.46154159319811,3318687504956651.5
3.467076630989791,-0.2970085307036527,3.014905582872781,4.709616311567029,-2.7320100505576645,5.765383781946126,1.1979380046180275,-2.2669569656223945,-2.4694170628908765,-1.3046653405539992,14.731857234623426,53.16252708802938,13.326757727468786,-4.303051728432408,20.58971338923682,214.76073804653888,15.149556923308213,878994283.9810691
3.3254552574776164,0.30372857668792097,4.297696001381446,0.12273583992562731,-2.1826033151536284,8.174620088922758,2.743899807768873,0.40551577484497403,-2.343257216436241,1.1728361266748166,52.650660090750655,0.9931166457696021,0.9481312011915201,3.9009350698151595,38.95365688403007,769.06703214699,28.26218958330406,8.305110791031162e+16
3.178265457500111,-0.016566800134034082,3.8051834593054874,-0.8515687073026355,-1.8297280599799477,5.712556741494446,1.9610391036560735,0.08779201140236548,0.07754752670859721,0.9705064632685774,32.957820164054446,1.1492835897422553,0.498078497313237,4.904733442498754,20.161692611439076,205.3724786607124,13.476041061822732,572926796.1164099
3.772374619481558,-0.9102657281832727,3.1397232306264167,6.689602429027951,-2.327476628787177,8.278412325685327,0.6143449777283401,-0.31297208480391603,-1.2331232238684202,-0.4380850810209651,16.17894933690912,383.9726636230604,26.177552689443242,-7.860601393431503,39.35940558204722,785.6538679002837,29.18618212827721,1.2461199555957022e+17
3.3360063520051724,1.6091958386917256,3.6202185574312837,4.454332197141918,-2.3783107959177654,7.7354784391396905,7.425892533234004,0.41165229526619923,-7.6769403179956655,-1.2498229334980584,26.570310978212127,41.01235123645095,12.291532030199043,-4.091697795236687,34.28885724096066,595.8437787840018,26.777197411039158,782435751366621.8
3.395419009768391,-0.6626320658843069,3.2359929555886184,2.1705796034048355,-1.3512218580475723,7.188915191623096,1.04360192566552,-0.520652009284452,-2.0810331714202497,-0.430652225621688,18.01193828160512,4.455427572632822,3.1617606094863175,-1.0575755746704447,31.31221046743652,497.84287509379726,22.299241259215314,39875617171461.25
3.4157615959259893,-0.6067391992410406,3.8828380765033046,0.6852705434305588,-2.3674009740130058,8.15410390402349,1.076854843578463,0.06374377879624157,0.282448515939399,0.33460207072316717,35.411956280807914,1.782370312049143,1.122012115477824,3.3747585822889183,39.65321074874714,796.6852587396236,27.86400837128357,1.6716979642945018e+17
3.3062977340814017,0.8389532386669888,3.290105690904913,6.447909452577246,-1.188948708822117,5.429976212295683,3.5120798534446194,-1.4712463591488936,-0.7138852129820603,-1.8065616958788866,19.17623341758037,301.55171271348684,24.55108352898823,-9.303235100453646,17.515995029129396,156.39261522826882,13.995370941056823,40651861.96702689
3.2399105710363334,0.8416842961942311,3.4166738482902623,2.8562340574110885,-1.100889596565596,7.865983958957388,4.001631592213323,0.1723952461495741,-5.4449451889866385,-1.221384612650944,22.23954659247213,8.945617876751811,5.331294724053061,-3.2571130434514197,35.1989853040328,627.923003838591,25.930002039314953,1944071715901723.2
3.1479576204041093,-0.6132406052164147,3.026375770147233,1.9458745789541423,-2.2404377897419816,5.091062383236647,1.1961126984962585,-1.9309762235607386,-0.6261246758855248,-0.31980256627368736,15.054022766774107,3.899143262080398,2.2931371107597176,0.4359622678075319,12.449402062649357,79.0122361713746,9.249206297957075,256261.85204173368
3.520267351460246,1.012473866704699,4.487259722035466,4.615685026407921,-1.8948210636591087,4.698002013138172,4.187597280063519,2.4091286823449636,-5.803075432744092,-0.09360208615134535,64.47021572431885,48.724763646517374,12.877117615689878,-4.9881554235215315,12.676304694302845,81.75065628327374,8.47207001003775,321442.6323039043
3.4188789512407265,-0.992845898854292,4.061430344514356,2.789406355987634,-1.5731415229611958,5.539770736121106,0.7071254531641352,0.2231687772063189,-1.069838653707303,2.191707295546852,42.447040990018,8.32571812092736,5.045839050712113,-2.1067233003109873,18.424912698055884,170.30708325617402,12.097473827065718,100884637.51340118
3.4780395618023383,0.2720810292167391,4.161726558622436,2.675257592532071,-2.989818043151388,5.1319566143463335,1.9129970953909057,0.37747564347637774,-1.3268311350780644,-1.4127580025033968,46.53740971031385,6.919976234605365,4.9420409103348,0.11622825768930584,16.8559244355847,144.15444610236798,9.977593074966665,21009797.27924338
3.4322656587038662,1.3620827309039147,3.5146348474010636,4.178700186416702,-2.3175326811257224,6.281143499618896,5.659821071688869,-0.11178698980325069,-4.098893040937369,-2.6632836519460596,24.72617877262484,31.811499863698618,10.402044749631932,-3.249160688215442,22.853695315400174,263.8340475040328,16.43159755150402,8457090125.228246
3.399995369816003,-1.187451877392926,3.596788245951974,5.2772952038724785,-2.65523135331417,10.171162774818821,0.6272538605046291,0.7795278008256876,-0.2220660564773653,-0.320266559567456,26.439176626800652,93.34132943982938,16.918537470618052,-5.685465419956768,60.61916885246443,1864.251486529649,46.37051211133188,2.130873781697984e+26
3.3498296017139544,3.2703923884070463,3.2639075364126393,0.22248919014084168,-3.037304228010847,6.714246415251065,35.51503706470829,0.33066324556834426,-37.72642292825838,-13.835473004818851,19.233860714945617,1.0828385568546453,0.7702359776124337,4.722114718818192,25.8919898149869,340.17742454022107,18.3616105189103,176496256352.92648
3.198770663165438,0.3207262566846783,3.5361598381440165,2.417081648025137,-1.6660468643272155,5.182110828571739,1.9121690590430538,0.0103265291957284,-3.105409162142145,-0.8035762348968924,25.071975006804205,5.395090620583933,4.290361359681192,-1.8144165889784962,12.826697569831667,84.17854271968767,9.64955493392365,373714.5399594423
3.2226115018827484,0.7276875546825211,3.0816595967905216,1.3558395552229072,-1.433368997524941,7.197952816201575,3.2280899273929498,4.009069820031246,-2.0579814503002405,-0.6471398198015312,15.703501408739264,2.1577795974525165,1.750201620400429,0.17269846357395088,30.814198019541486,481.4887713026722,25.094749013747006,24233902699111.105
3.367007808844571,-1.1981964432226702,3.2182282186759124,5.357385235702694,-1.4330707952231205,6.099913791441688,1.3392795690860622,1.2719270127034594,-0.8593902837360421,4.02505314047334,18.18253519264157,101.91290170489555,17.249874393390154,-7.549433196414316,20.52271001736776,211.40869112823108,15.201467414634978,822028356.5794489
3.3125940124468407,-0.6932776114965765,4.324578596799112,3.113005591016335,-2.50686981772858,5.450253872426647,1.2796201546838446,-2.3237236486439645,0.6180012829952007,-1.9927274767702494,54.38694503312725,11.174409911383547,6.271113274338908,-1.2774287079286957,15.861157591544142,128.66195439125903,11.754823055902255,7769610.585040747
3.3740068183940712,-1.783201501317945,4.038187095938584,6.365512688182784,-1.7197000686848543,7.440715706487187,0.2927090786567681,2.3440066659572487,-2.932741296184298,-0.313682951890725,41.05589921142745,277.9707299527623,23.51388113070597,-8.452296087632943,34.50684034143372,603.0530740590598,24.08086983633646,973010538085121.4
3.572784535969265,2.18038117105142,4.669063567847235,2.474234125981677,-2.277918732905836,10.347979636670857,11.805539245195941,2.679094704863742,-11.56660012741683,-3.985087914001957,77.02203633515111,6.650043882814676,4.165594263770492,-0.12468004559984103,61.22054361979834,1900.38932366296,45.54189091926878,3.888046665947936e+26
3.360386104565563,-0.24240183711638033,4.125504341882834,0.8728103446065258,-2.042281035843717,7.9585803268075495,1.0598594664579943,-4.052594699987017,-0.5206665144771746,0.8150753872759404,44.43376307359306,1.8236945884846496,0.5537829549436659,2.532342269294338,36.53316108136713,677.4934365424293,26.774432036320945,7381378232798811.0
3.245501777314518,-0.6013513125320247,3.5931211734563373,2.985814064049921,-0.923091892507137,8.201099584365569,0.9545519316427982,3.1622083481806347,-3.3331027765557426,3.921083980551064,26.355172904035612,9.595456224711512,5.25582541352846,-3.0927002249031865,39.48382780155712,791.8774918682342,28.8336223529828,1.4112232871365768e+17
3.608417800217344,0.14508641581702555,3.6888062189913113,3.428482613943635,-1.7429668714424338,7.180549072449982,2.4845762457001004,0.26695854879202713,-1.8516181891520236,-1.3533298593728844,28.832369769586315,15.11622455121259,6.844172537974907,-3.1167224401934748,30.439085969970733,470.3131691153519,22.74333185033999,16653835348684.604
3.2495716488330886,1.946833066251281,4.076988030387798,2.65195602623823,-1.7652424089600385,6.716091622762523,9.341274341823738,0.8109708478196196,-7.204072571298363,-1.3050981854738506,42.54800643344074,7.298418325338804,4.252760145817826,-1.1838482884348198,26.743738663316325,362.2423346490741,18.421757578280957,413661709696.9393
3.4508400949225537,-0.06750150336696951,3.6930533598479958,1.6912871113095256,-1.464609502468484,4.907705650211183,1.431232051089476,-0.4196317218995358,-1.2336557717995766,-1.088285937618282,28.92544668782356,3.12122971364655,1.9528056137300465,-0.4667814504128843,13.74387220534791,96.19090747452717,7.334939762577633,935131.7276145833
3.395778465753588,-0.29815974474115364,3.152316159091609,3.4934912582270305,-2.631235766463218,6.9932845478556604,1.0574526919987504,-1.8428852375475933,-0.30489507777911795,-1.8133306823691095,16.623518205807326,16.27925118470798,7.51297167123638,-2.1822372510977424,31.077829237664034,488.4425552978152,21.964776009797454,31544013005302.78
3.3984858180939677,1.8599469729395894,4.212192671961317,4.2565860822912285,-2.8061034557120057,6.98610259190564,8.655648975139187,0.26919284894193146,-11.517436436615396,-5.342152488005908,48.66207117859311,34.11847262408317,11.216463764728713,-2.7102210825692685,27.179983057356992,375.79473329873883,19.10310246487576,639887837719.2953
3.2183610197006183,0.519505105406832,4.19107620125008,2.2503448148771925,-1.6657790085130126,8.01138780634881,3.177134091177347,1.2091995833886335,-2.417987607460396,-2.284852809171678,47.627289902915194,5.037113042386236,3.501025065387256,-0.5868789509584691,39.04005920646993,769.6190434053501,29.39821674060325,9.054604435183272e+16
3.7326161994259244,1.084176481580505,4.663765178134063,1.5984364357099938,-1.943947821831232,6.991150122469258,3.924721046070661,-0.8909913268960001,-3.202082102872952,-0.5844720571294015,76.01522345040536,2.5482041327811764,2.4008740433414832,0.9209635719262741,28.871633709335946,425.41752695091253,22.00369742428261,3473588746930.4634
3.2625092186672275,-1.1210973758901084,3.5816060938578347,0.40431804667727445,-1.876893184871778,5.402905836062395,1.0520289069615951,3.52367042860148,-0.07873530097139503,-0.01688228419796528,26.071517427776495,1.2544585224194806,0.4692637630108457,2.6637509518447033,16.086460579768808,130.87182529368775,13.005532952518992,9733044.91521586
3.53932954569084,0.25192954053844324,3.491104234838378,4.053117460795085,-2.4603439029739906,7.385933834316731,1.8793006880027363,0.7364971211265976,-0.7866706982991472,-0.4014069079225736,23.821246694909757,27.74771068688149,10.10889505552337,-3.643817939842672,31.950095799330366,519.3848290162841,22.821496980018114,75463596207186.94
3.3026890740061017,-0.6154627615351085,3.2925094174854115,1.8273854953536923,-1.2404587601533776,7.569823398194641,1.1950217377641033,0.10763346500567275,1.654024572945344,0.8903767693792667,19.947566227901834,3.5237160350655317,1.9495014093343848,-0.725397833182683,37.42790843592465,711.0264405115805,28.000439962097374,1.806014773423531e+16
3.30116784317761,2.44826139428245,4.278944626614646,0.8117679675037488,-2.1907176657880054,5.911034579446803,15.903882180636812,0.5099990301116767,-15.582988746393447,-6.508520511380171,51.79267662458133,1.266528041722353,1.2845979587538068,1.9958849812685169,20.41584451967023,211.06522567568322,14.433608060482467,738713123.37017
3.630500156762732,2.3787269765966608,4.681685386717046,1.0834651069923504,-1.7504226883406928,7.517359255131755,14.638791565721272,0.8874876573441699,-16.561647673922877,-5.713243061794119,77.98540928444105,1.785544205138918,1.4862774288145446,1.2517438160783956,33.848588959256894,580.478825839196,24.262286708007174,503781947427032.44
3.4203807257555896,-2.3366143581044065,3.939728934294331,2.8440755652905123,-1.2884621685686808,7.852448173690098,1.0413266533316923,-0.9602593842378809,-0.8887415829387677,-1.6844190806316235,36.92748275387866,9.028706005042208,4.6760200939921726,-2.5332644533050486,35.22046042919178,628.7297012054448,25.16403020041341,1986272410079309.0
3.468525921620956,-1.9566213652176092,3.917613140030041,1.0203531431821833,-2.0760919002050464,8.322046131469508,0.26356149489669733,-2.624435625095691,-0.34698761994548666,3.773281716667238,36.553602740691765,1.6301657300059973,1.1311186771659645,1.7136173043707839,40.73927827584741,841.8524438864448,28.179592892565754,4.952573706078702e+17
3.3883587250795517,-1.032932493487467,3.5193333610286595,6.075673388532813,-2.5487679464208464,5.974169343898888,1.3123025564362063,-0.8871544395377426,-0.9883178615427549,0.17009425457657792,24.198361767723455,208.26343708975168,21.808244174470982,-6.660798744378023,21.604655941261043,237.33239394244717,14.478830915000215,2425325185.248257
3.4376771574612612,-0.5078422496074467,4.060718610347216,-1.1188754608919522,-2.2124259362458076,6.429460471853433,1.2353086796984747,-2.9333207838451543,-1.9358820025952985,-0.07090572573152853,42.30355406992124,0.6763551556439522,0.8654922659419523,5.838484908929405,24.87904381026312,315.2941264358949,16.80068340826777,64094186485.334206
3.19898980934707,3.080578800617444,3.609105409284931,2.4829490260053046,-2.6580285475134793,5.232217284287097,29.358844686700852,1.4254821858606397,-33.3692469311221,-10.76669481182545,26.94346492642546,5.978873967591129,3.8219755407786655,-0.33066432582282856,14.593308164674543,107.32805415140785,11.975494471115432,2186634.264918764
3.2114637996573085,-0.17412807541576766,3.9594472107735044,0.997008828144504,-1.9011400864938726,5.942477540661356,1.1497146917248524,-0.253709813308349,-1.2148512754980227,-1.4812939840915558,37.85547802986571,1.8873930846564184,0.7627575787067113,2.116371055500231,18.81430583490227,177.8021668387254,13.747138529266108,148914302.07471573
3.2377147519532716,-0.055060877166268236,3.152869436154523,1.560958071201102,-1.987187164668723,7.4428763016177255,1.6882800469186316,-0.4825074040627706,-0.7686702905585637,-0.18408088574032078,17.093705427471143,3.0146043913674183,1.5732104511765435,0.769091720877758,33.74279401797499,577.0039924053635,24.608068827350174,453206825254367.6
3.4466853786798644,-0.0010549290406920884,3.3432055973126484,3.2992714357877526,-2.1304734306668607,5.040610190676098,2.0412089364188724,0.7660405050998242,-3.329482800596706,-0.09172368316758245,20.88990482644843,13.460599529095882,6.396483633547733,-2.2722984135018542,13.92168952631252,98.48428836249715,10.980550283399653,1117093.236610374
3.4665479313290133,0.030435737359236808,4.521276190980188,1.4176979056890762,-2.3818360111781227,7.9155547615384165,2.253351083774164,0.08669754951177064,-2.6149888573833486,0.7343598742940599,66.4661139045153,2.722020391290873,2.0433752333534816,1.6327470086309783,33.97371055516314,583.3235861014172,23.76209945167703,570929152837096.6
3.234616452900971,2.3017754744020693,4.66093145653302,1.2887681930965644,-1.9824450671179603,6.399984526470794,13.615640623429005,2.0743469147747913,-14.402369351506364,-5.112795749092953,76.53982173978173,2.239625286525078,1.575295348094719,1.179201007311456,23.42421710710318,279.07582289877666,18.334771432233595,14962199048.455269
3.4178361856844997,1.6666191541413364,3.4123702710727084,3.383331605220421,-1.1340344460619987,6.366679276569624,7.253749504559722,-0.2321544874699653,-8.245234390909369,-0.40264437754563165,22.242146848097512,15.016923244583124,6.828694123666279,-3.4151449344072953,25.94392963315554,340.81491297928477,18.252317785211304,185905686477.3245
3.4937654425549707,0.8451340185947098,3.7314345424737354,1.8831976222370626,-1.2619527397336703,5.3615423195072545,3.20368877191111,0.38919589959375994,-3.4652642324147775,-1.253687863009442,30.614207726530562,3.664790425586354,2.3577299742048465,-1.337287560319607,17.801005160862566,162.01604595138087,12.005753171858235,54058681.668013826
3.248926794377481,1.1496266977974738,3.611054621655738,3.1877050626572125,-1.8690023792224038,7.360204712993365,5.1195794319635475,1.2120073839017258,-5.407052262571687,-3.2595152816580883,27.007258284839484,12.267720226889512,6.768361359007723,-2.194487054996781,31.190974003589343,493.61143311729336,22.757258669572803,35322797421431.13
3.2627751677008536,-0.8046061254101778,4.102465285383015,3.2885579566401217,-0.9561405339467921,6.08668780472903,0.596698310018483,1.265512850407492,-2.425138771763249,0.5106698126203888,43.75573098625565,13.758662135438152,6.567538193773998,-3.781530920456876,20.4102777937462,210.56777099115627,15.586298878266247,734612306.4571224
3.273398772849932,0.43163006918080404,3.8743648985933286,-0.5385028184546665,-2.523785008991557,5.896581189699437,2.812824027121409,-0.39645625206677726,1.486175078800699,7.26340207220759,34.97433186874608,0.324226453976819,1.0456364245616716,5.480390279647888,18.383017092589522,171.7655307064331,14.334764049988305,96745566.08377841
3.201061554544215,0.6844588387118906,4.380142647721785,5.635033584044459,-2.188555551013606,6.532640486758367,3.003742417593534,0.1576730504819513,-3.7124833215217388,-1.860950126596368,57.72314194923826,134.15787350332886,18.389505059125135,-6.182517441801538,26.002589606709144,343.6441689250341,19.698191716665914,197137105854.42645
3.2802897929860597,-1.0306339261304294,4.167426042984536,1.5259483860081247,-1.5409219410053274,5.548995043406142,1.3012020499750516,-2.3468478939239317,-4.198092878711741,-1.0485548797174233,47.14841249625047,2.8097900282131323,1.8204676858921494,0.4507979000518883,18.261168439184388,169.15711134819344,11.869405563167922,85646939.72204141
3.3224741431249796,0.9690179026182456,3.8006102311064067,6.720576440694902,-2.072702106247636,5.5619053084661765,4.264110872578929,-0.6280504635947008,-9.541703723465147,0.6278859366608789,32.72070878223878,395.59508206780566,26.085621235499335,-9.104368553389698,17.771345244757896,161.27892666286198,13.408981930384504,52478031.02957864
3.2772851317528544,0.6515828689255554,4.1122674940004025,1.7866840307018235,-1.605465806091683,7.792493849997927,2.989621204206632,0.3267470537170535,-2.994148702038778,-0.19050053496776276,44.08979218534782,3.785541830829413,2.3364668770774646,-0.0652364667996419,35.990635585985395,656.8538746933307,25.586634475493952,4290635590271611.0
3.4298853125241027,-1.2056293290271884,4.492776351615075,5.855517579083134,-0.8289338627303566,6.204445615445177,1.1516816522713216,2.102761176808048,-0.5157583665235813,-0.3267762163198893,64.5358905724598,167.29606652370575,19.859806651233075,-8.488503307312104,21.594104196670003,237.67507156831422,17.179732587402484,2399868394.7952156
3.6838037518541507,1.1965067524433124,3.3469157065221102,4.193427499268486,-2.1494847895220404,6.408699474073322,5.248903304327285,3.9821024610532603,-4.1459555296394575,0.643739107531283,20.512379547547095,32.1552002913069,10.550377168886946,-4.248048190168131,21.395352586114317,231.56019475579234,15.745513528766521,1967300703.7916942
3.473723216802213,0.005968704486570738,3.43363010014181,2.7252954391048605,-2.897735390948753,7.277465008665427,2.105295863742789,-0.6705900139917749,-1.1292926589354686,-0.3145263789317426,22.174348246150032,7.874284712962217,4.432447927299865,-0.3674401586936996,33.64499675637714,575.2933160317968,23.95056672808661,410982784838051.94
3.2303754716094883,1.501749854322957,4.451651016869729,2.161157848203392,-1.6235338838764422,7.58727913198353,6.4477409395823315,-0.019518654551169412,-4.866656692858117,-3.2489297792482463,61.80862794448348,5.042053643317292,2.9216161700123933,-0.8163144688795826,35.30615824150621,633.2421205046397,26.449116436236807,2163998209816418.0
3.385953478716001,0.2537438427163905,4.075464197909694,2.4823638359711135,-1.5486809288365768,6.659552307542388,1.8403110703280883,-0.3130024900609048,-1.4933747498438676,-4.195431225885105,42.70775607661566,6.356922483708453,4.063291636994558,-1.5641444380584768,24.29646569497175,299.31749069913116,16.75228648647717,35793830454.00316
3.402741761988982,0.2927803309104645,4.577504934815741,1.0758297975873305,-1.7986456979988394,6.382159467687034,2.5330169447476587,-0.5006101313840553,-2.021656660572627,0.19132034630864325,70.28069149492546,1.9969841544058617,1.5121167350066167,1.011040623475783,23.85283632504404,286.86930878218766,17.16060486319197,22969015951.2239
3.2209654066877,1.758096498506738,3.431682085948773,1.0183933781479637,-1.309677464010088,7.824505479819076,8.116669929500896,0.9714996979430761,-8.246708235112704,-2.7530550882851466,22.842822037303723,1.980668101728463,0.9091121087746739,0.5415171744239301,35.829292343699585,651.9049949560522,24.037818717913225,3651330551847657.5
3.2580838116229085,0.8202405051950561,3.892794537220428,1.8046938478631742,-1.405102484255986,6.507718147311969,3.3454551952456764,1.347941844074905,-1.5078174066763783,-1.1902348889766443,35.95117552244877,2.9262852767523984,2.365007378775065,-0.8743735614028055,23.880912106065747,288.27967376415245,17.900331970225743,23623026983.393322
3.508228577795975,-0.9792435593144749,3.290997013782834,-2.2140260777883167,-1.80008242850971,6.196541540763572,1.247308616673733,0.3300806389022003,-0.5462850976520593,-0.9994771242956414,19.118502410426434,0.9784161046533983,3.6803510706808416,7.122391313417088,23.159652765894922,270.7600483386643,17.072140186813222,11484091341.323078
3.3893614319456957,-0.26930105165450224,3.276524102845587,0.426122460813692,-2.130208373611287,5.138192720487566,1.0507693623102714,1.2972355455384514,-0.6783681780002733,-0.6584969530751037,19.625801662084598,1.5357223508490896,0.12787826330193897,3.492991654028721,17.027647548547584,147.7651018751867,11.72095314215603,24946008.355406336
3.5188642076750196,-0.22311067250740924,2.995197756305018,0.23779893492223225,-2.4661231641690735,6.248045226780621,1.1500931306265034,0.016422083133986236,-0.8019059756073177,-0.19442634369326825,14.501897944004988,1.0258968760870668,0.9776273611834733,3.881394944578353,22.566062358891905,259.28673497051983,15.821337889398254,6343129231.195634
3.6124237918824162,1.0999625497806398,4.632872190815423,0.2183276917122834,-2.7145127913018046,7.588068468756432,4.743818230977521,-0.18812258520489047,-3.542281559055211,-2.1409757490698627,74.24804250751328,1.15630372897274,0.20141829376867834,4.297744063383008,33.516950753709345,569.6374296293096,24.218503563855002,361587957616810.75
3.3099955253813973,1.2785017825430074,3.8691449644277442,2.6856323689606882,-1.614455292336638,4.714028893567021,4.927413810419454,-0.25788313788984507,-4.251786121128578,-2.640294229879725,34.4990133487609,7.7866270489401375,4.7581606297363725,-1.4269255576738553,13.08902684925082,86.99074006288241,9.55350367852677,485808.9158602255
3.285119609405842,-1.1154956780811496,3.504934285007895,1.5987778858654216,-2.4743209403781985,9.42366736924067,0.43562357463870444,-1.2136130261241187,-0.6372046868426597,-0.7454782057927032,24.14426504140759,2.5884152704392918,1.6365927305388506,1.1784138855315025,51.7382940805283,1357.7054209117885,37.57513470292428,2.962393989810952e+22
3.4645408332232708,-0.1453618165364916,3.6045955402188223,0.9872434631502274,-2.1387860967888,5.137414167457799,1.9101644093050967,-0.49425386336944366,-3.3575452501569965,1.7957961313689974,26.177036254654784,1.335011002293785,1.0602348782684223,2.323520273376806,16.73090423687024,142.36687129459662,11.211702985188268,18540720.19323886
3.435780859428854,-0.9515830155318018,3.303475264544238,2.8632045948657154,-2.4352268457050137,6.118014060239337,1.0126196182554632,0.7420628811291603,2.896083840737337,-2.2338796931124083,19.257266695235565,8.416442862823134,5.316465433470584,-0.6681442532243773,21.418631498560796,232.57986996410074,15.229289997733,2013634585.5967033
3.481200099717046,1.6795693511681486,3.408618071071524,3.6189510077779365,-1.5157050715266693,8.125005958311522,7.097307313843257,-0.21285671409465434,-5.985968533662188,-5.071508037509309,22.212409930599375,18.43340208285745,8.3326903421613,-3.6857686656101496,38.212108983889074,739.8399613581794,26.84669171716159,3.956355143510663e+16
3.352115413375001,0.5040675857536356,4.209058257637122,3.3658524694216694,-1.080328752990829,7.729259463628953,2.24067079202292,0.10708844133811643,-3.152351235224996,-0.5625165429645045,48.17567710856298,14.309015564520937,6.935106281245134,-3.886267785674439,36.46218518790106,677.204969406615,26.093497453028153,6875638281041892.0
3.788136370673125,1.1596987271867794,4.371232026753418,3.2200690045867035,-2.375740155129395,6.061320323377334,4.926731944648685,-0.05257642694208142,-3.340895698695763,-2.2861162342170296,57.028377734056505,12.149150726475225,6.105468780958473,-1.6184824380859566,21.174154203524623,227.39058893026933,14.676895431686683,1576904957.2289197
3.518934735555245,-0.41712931356278093,3.7642931358195417,-0.5144788454553542,-1.7820633326679969,8.703910384681791,1.3005824103341357,0.22466361176712626,-3.1527325978643574,-0.6336299320505299,30.76695936355948,0.4911327559509869,1.0476794568096306,4.4550771417932316,44.16930498085167,989.9389563562607,30.941681136567823,1.529229327670784e+19
3.256558945886323,-1.4289550924599779,4.285805834084666,4.926650085222054,-2.24717417043475,4.965116296321917,1.1483660728082534,1.103976863526209,-0.010263611787732385,-0.29499554218563434,52.374954279416364,66.39113979325343,14.694791533313918,-5.125360618280155,13.98675419623865,99.05070475332198,10.383533632365193,1192085.5602481158
3.509685221447904,1.5177133300093575,4.255252970969304,2.192103916504662,-1.6722991168687031,7.515932349873296,6.4740992460276345,0.4433250195202016,-6.809807174528335,-2.642186076899174,50.608923075919655,4.721895654631727,3.23112035176134,-0.4373626202440274,32.72027623651719,542.2014784672444,23.352104947618002,163013139456451.28
3.268755211357274,1.3615103400547306,4.58935870165508,2.2403664264423964,-2.0244278170497734,4.777159875836164,5.523280839124499,3.40552792208623,-5.471691557147444,-2.4986792294199986,71.29892411950372,4.716474376213853,3.3782477643909616,-0.3256586928177454,15.24816291342155,118.62488383591604,12.958255935768925,4209001.413344217
3.2533969783815393,1.219377518820532,3.0204393362921755,3.1024279054982657,-2.1520698993319156,6.6571665489910945,4.884384230431937,0.19421800915965293,-3.9622274212717588,-2.207022047738951,14.452072163672122,11.539348400405448,6.307985900812399,-2.236766545491389,26.003468106411624,343.54524266002073,18.49820252882198,197310367095.47052
3.3665740939778614,-1.6794590923770265,4.424673867565682,3.09005347386553,-0.8643293270422436,8.232406150223522,0.42831271579606234,2.2227136291013068,3.691931795879035,-0.9157326004096166,59.865347418243964,11.195385105156918,6.323761138671284,-3.8912541081777077,36.558333804549974,676.9486157753702,26.883586261947116,7569546035576645.0
3.432613889365684,0.002740275369106622,4.62261808122819,1.4511707950735635,-2.7884277278639185,7.502132358765346,2.0829253361545987,-0.16683996926631847,-3.454851820362081,-1.0813027678785785,73.8234827846396,2.386105530064564,1.8662954936831984,1.8144867962495355,31.6859385251512,508.7700646268684,24.209150462254094,57944931136345.89
3.379832131610453,2.4015722124824874,4.096296120552081,4.08617683589715,-2.189636136265098,10.52754519681753,14.721187306854686,0.9851374984824965,-15.502483764226348,-5.884872402501227,43.49310173987881,28.622822963081067,10.59603647447276,-3.3583195499235057,65.78789094441105,2192.820021773708,45.802251572788705,3.743735941600393e+28
3.327736668451793,0.0012873358983617367,4.090571736549919,0.13567785601396753,-2.195489811659394,6.01866160798018,1.3941611846650128,-0.9220988601242899,-0.7867420719734876,-0.36783476820771155,42.898285213655974,1.2892044386986492,0.8746398105320409,3.390002061070321,20.740973781399504,217.52273360768052,15.192234726853417,1022533791.3961569
3.3662347627562332,0.3443183430517544,4.515221386509313,3.2148211362945895,-2.2368569653959405,6.528528298821492,2.198235798531112,-1.0138811918999826,-0.36858119045941207,-1.7119242905813148,66.18058706906486,12.073419575120788,6.154335245993559,-1.7809500081305907,25.871752634325553,338.88255274989285,18.31577980143574,172960368485.96542
3.6274266438749576,-0.6721416376804438,3.7442157713943756,3.6358848564601023,-0.4817435732963511,6.612955865610806,1.580730002380746,1.0761774985644572,-0.14037679278205617,-0.8457856152520566,30.665569204352156,18.133053200305493,8.47635186629444,-5.403588570205608,25.579972316811823,335.9699664252441,20.250865576927584,129189738744.27867
3.304782880085018,0.3870774057456633,3.6510643519813852,3.9759144121998835,-1.7676971125342609,7.0194451945892276,2.124273992996461,2.0606135490577913,-1.1583700218806854,-1.0080660219885458,28.1644871425768,25.436420673628103,10.06981688275613,-4.1891619286492725,26.51744273269222,357.3363248110601,19.51197632818249,329887795404.0478
3.5668065937956146,-1.5339672946364105,3.083581398093353,2.0427315697750643,-1.9955714205318007,8.469052894376201,1.2438846175232015,0.5498489335144374,0.45587932322243063,-0.46497921271730347,15.694068415287786,4.074486454796003,2.978624360786324,0.07530240947284483,41.09741520974006,857.2738171349906,31.266657471300167,7.0854565921644e+17
3.294356674155539,-2.1162716844194644,4.031674290183613,2.77148864072607,-2.207523936033757,4.572774394006803,0.6374396311755295,1.2401496880758451,1.4509505887995844,-0.08888280689372409,40.93612373547277,7.817114480408449,4.855447020093477,-1.3855143406980588,11.376996526351663,65.07224969537282,8.252974069097359,87674.69994053408
3.473854337552602,-0.0372301448843173,4.231657962157486,2.1860910009719974,-1.4973581170790025,7.465389454414581,1.2880327423383013,0.6255114751792453,-1.3870414556241897,0.39644514644161466,49.76580858997873,4.58696557472847,3.5253330754862766,-0.948962693980957,34.734421263974895,610.2552632340459,24.71250050205668,1221672175815866.5
3.2629193779324916,0.8619617469284226,4.277432064800184,3.78401366079216,-2.08508634123325,6.671855276765619,3.279834695943906,-0.006426954679839586,-3.4747759524415422,-1.5451928466200948,52.33399538082444,21.59502471851317,9.227512817556981,-3.666954328265149,26.148696236539227,345.46619295006104,17.6917199333415,228150634063.86636
3.4997469313884246,-0.4900484089073907,3.006359617867569,4.151786669910251,-2.2702551996311615,6.245799820397037,1.3513659385246841,-0.25458577428933665,-1.123571752690137,-0.9170983420137337,14.560241213896887,31.224757400133164,10.79337092031285,-3.4217591215721272,22.73364420771121,260.6481251638932,16.197521151409873,7500382727.624676
3.6917861963963623,-2.1798033493449545,3.369004847764744,2.356387949048294,-2.3644101982911927,5.983956208756833,0.7577092508668584,0.18014884058204805,-0.6212322544875636,-0.2863890970674246,21.141320553742244,5.350732818303246,3.250721715825735,0.0680786465446418,21.932082839839335,243.83551989452081,16.56241375890701,3364881298.920369
3.2436333839640668,-0.4214319490917653,4.545715927627682,0.5180997615701299,-1.2902018795057235,6.593698842012618,1.118353981790703,-0.8395593750705853,-2.1857196073137617,-0.3578120456082245,68.50004403758223,1.2529582066360452,0.9798596015762695,1.3851356791586367,25.92750448542218,340.72116774510255,17.78596616509123,182877098733.97818
3.6153075030926836,0.6174104271610774,3.62549229134865,4.95942565182081,-0.8952909751364677,6.287131385808483,3.150967909037206,0.41646342772406714,-0.1880210182187123,-1.2872189687937197,26.679027080240687,68.34335741062755,14.287913187512077,-7.116443730943414,24.27706835831704,300.30919895972926,18.01916472541245,35106215847.22527
3.3821766048933948,2.2688646616778874,3.300256571019463,-1.806492645022745,-1.6893044672983568,5.048998895609063,12.84120868989475,1.5622359603918556,-14.105803401685783,-3.943278541731896,19.301742520533722,0.5769926977616143,2.653029046663227,6.985396351861614,15.012952460958473,114.12374481191205,11.537662041913986,3327816.6473300075
3.517694848684985,1.8902805607978326,3.3423353375887297,2.7301109907696084,-2.0506111953213955,7.37899092569745,9.186960023890196,-2.738854989920713,-9.11871624518458,-3.5180388090686328,20.137022499240917,7.825883963173148,4.343311194439758,-0.8908905493332716,33.863722954400785,580.7389791424741,23.586746104248476,511464165673810.3
3.495662601515732,1.2224363339670483,4.327472374300976,3.07353349304984,-1.2464598128277806,7.6556372755687665,5.310730253181748,0.5263706520450875,-3.3389211495248667,-1.038100642553418,54.99255947840872,10.588480258995792,6.047849745915623,-2.929252344838556,35.08190400320911,625.4980432133449,24.962971068927967,1729276815569191.5
3.291995299047816,0.1924709550644935,3.1988834121201277,1.7675992615092733,-2.139296645632972,6.997376711177202,2.5484137758742005,-0.5664592770216683,-4.259330341243142,-0.6415747913490675,18.267263162191846,3.192842433014264,2.6230840413882897,0.1636764297760509,27.971145987813482,397.119720664192,20.213953190317252,1411567175309.7175
3.3029502626228893,0.1189412007833434,3.347506524260223,2.2963879687701976,-1.9968863887295347,6.88974442896286,2.0079628948121457,-0.1379932711610839,-1.3978047571433605,-0.9628289832321238,20.582335964393202,5.567581862689837,3.212428643763002,-1.0028069450858688,25.761287803237078,337.0267092759488,17.977109682049612,154871796197.177
3.268868626900336,-0.13464287245112153,3.135318751702357,1.669678138343637,-2.9195850720526733,6.085556896517822,2.1393420098061915,-2.2500963174947013,-0.1081454334349905,-0.4297209356053238,16.75590829099344,2.8006930424810927,2.1672221397067277,1.536547707720266,22.55524822166152,259.84766988185766,15.913051828437899,6274903281.668738
3.363981437453723,0.9444363891068902,3.1559947566322712,1.4150813493589973,-1.6426879989633785,7.700770221428975,4.346993596463685,-0.20869011832013618,-2.187221647449517,-1.2307520967976078,16.60668187075977,2.259305600573726,1.1942036449273346,0.9226993089681983,34.66497237216311,608.2493242723348,24.241144049402912,1139707515781568.5
3.3967120293732744,0.6393366234508406,3.526165034796309,1.1797047278692663,-2.732620822570036,6.695943900301028,3.4058656330356243,-1.046419292702025,-3.269012301580062,-1.848983006137797,24.920818914539083,2.412595864839325,1.2237026537815576,2.4494412171152096,27.07021009412972,368.90148256524606,19.48787913607917,573363527689.5134
3.510213588336271,0.01751704168993389,4.599749924996967,3.1073077541234633,-2.564672132882314,5.804086319487972,1.5838749152785911,-1.0450903601300012,-3.0054553582843493,-1.6110875846472243,71.63645336933203,11.129335228959718,5.912387055520372,-1.78350666681465,20.430151619762114,210.21601624004757,14.371047713821003,749357908.9740765
3.2776364464022296,0.6170182669698221,4.369306455082589,3.855552496451427,-2.2040791107976503,8.26883258510986,2.9032212754860733,-0.46852585595722873,-2.835482503414895,-1.4387430902904808,57.207596821096324,23.110019936923084,9.252342994379715,-2.989824374450409,39.95450010026996,811.2473023450914,29.31182141463053,2.259467591396091e+17
3.248257502385894,0.14900794376413495,3.365145405659284,0.5398488506673258,-2.960642255778617,9.279538128065678,1.637704221286246,3.144375630012155,-3.7450255402837005,1.0479190325475103,21.456763088776476,1.0218870413411527,1.1204383444318886,3.8905920331914525,49.924632354545054,1262.2631255197084,33.12979449872291,4.830360433540716e+21
3.2669434814886795,0.6084666270319931,4.594425605034228,0.21136979538952483,-2.6347476652267297,7.145064966886863,2.8339979950976035,-0.5574588684600347,-3.3122788613566754,0.4824832613235296,71.56768080590571,1.2512813891599177,0.6689123812658927,4.6250197843164536,27.40514452701855,380.51325587843894,19.56367056618039,801475478698.9192
3.5420568965469066,0.6753747985697411,3.3021123328184236,0.05195608089243464,-2.9149165485976645,8.527024080910834,2.8289942584238315,-0.3309482811864361,-3.4530656994763014,-2.784108450280173,19.48751762968653,0.7436595377590619,0.6883426767391414,5.134325500309858,42.235465974812676,904.7826944224962,29.580579904196867,2.2111439102187643e+18
3.5566176960121902,0.27142209651191224,3.392069929445312,5.84091103918474,-2.3284364976207557,7.516723966567749,2.643652332528184,0.1118823120934242,1.2258621049632583,-3.357756647539811,21.117926680315293,164.27353928235735,19.873652189985467,-6.386287993704337,33.92125426239093,584.0587099703291,24.156698175867028,541752271658355.75
3.3170613210726514,-0.2025775390779494,3.8453955920495457,1.8735935009037192,-2.1330384389478674,6.788560353812965,1.8777352022484308,1.2743206480293874,-3.0366442156696043,3.046691013480653,33.813822887586625,3.890251056973566,2.1751974319918275,0.22111207674799654,27.895781982010934,395.65555807322977,20.784230259724108,1309095647256.2488
3.2488016235842196,-0.047599332097550705,3.8127894491206895,2.5651739724277696,-1.975654917880743,9.275192862348627,1.3941622129742517,0.36867063214474044,-1.507202779637038,-1.9414298975423807,32.50747908968798,6.38943630205122,4.498383535998018,-1.1012124996347872,50.307965536881596,1283.9787517074838,36.67240431199044,7.086944376553335e+21
3.3926035599278084,-0.054611814486560606,3.0883114226769965,1.6893607638410182,-2.3113222382117824,7.142469904276638,2.107933533793217,-0.29799432237471873,-5.446343713967193,0.48667867575430424,15.963982771376147,2.599673089182177,1.6794214742223037,1.0499327207571012,29.240875775348847,435.1721814114417,16.84361210425306,5025024585406.638
3.8085564486825274,-1.004857419928763,3.131853729572386,1.9542783338359218,-1.465432104763,6.581590267066689,1.3095800706745186,-0.5704191263991452,3.289456997411881,1.8892964239343892,16.66834887161079,4.21215593188812,2.541877131969915,-0.4227798456665679,26.94368847240202,369.2124338995638,20.179246401141267,505222194982.0262
3.526479240582625,-0.6178531220449258,4.124703391980163,3.1723910549145478,-1.3578734191598794,7.404589954268596,1.1234510720272168,0.3091917882345262,-0.26527276538248146,-0.89701156283078,44.30945810236917,11.447664736515751,6.351161271859093,-3.228398743852613,30.16236196139898,462.46257998826957,21.15654599273548,12627999518929.008
3.411764380051993,0.5339260014997642,3.205620362441997,1.8117059826417565,-1.7802855422110384,7.960561390074986,2.3068628724408944,-0.6641586182173923,-3.4826019994604493,-1.4185171416812263,17.696436398355974,2.9212840891358423,2.6223098298742897,0.24349863395081006,37.04813903698408,696.8219584625566,26.606774924491503,1.2353486478752688e+16
3.454688401163694,0.6635829414939969,3.2693436965226197,1.0473604344638994,-2.7624693253574333,6.2487291277192165,3.5073799247032134,0.6063708774359801,-4.55343976307812,-1.5549922223612413,19.19229715248319,1.7798862867776357,1.3346484308460451,2.882365902710851,23.605021000502642,282.3457955133001,19.48078105497187,17927410445.722603
3.2564687434288095,0.37626694268104327,3.2126825675246344,1.7574156326988826,-0.7210380874110514,5.229688997941025,1.9785539732672321,-0.3412893095074474,-2.276659859451139,-1.420989558406196,18.264737725924366,2.8014232125952168,2.6129909811502103,-1.3477411915076756,18.465162809127982,171.4491872421595,14.1118224825402,105028092.28788301
3.2787082017453653,-0.9794610459455829,4.63457349561364,2.5545530085376527,-2.253620139125648,6.084204493414497,0.7998402827012858,-2.511102968351175,-1.4783440833834902,0.26870439876727614,74.72481755070801,6.249294684432743,3.796770741510436,-0.44314051023203194,20.31455417919331,209.90652874496428,14.236781057299025,667553334.8137553
3.435510384775393,1.7404289712422474,3.750797286754058,3.1007913147827932,-2.0249190148133445,5.299032486361466,8.421582481147395,0.8866021916239601,-8.153036526054077,-2.3376956561519098,30.928161961307815,11.299174480904199,5.60754219417638,-2.4344812777541884,15.36671276897068,119.45824698878707,11.120008592141605,4738746.820711841
3.2710381213816477,-0.36748603876131686,4.466628253302343,1.7149503139758662,-2.420248148256652,7.521565518778912,0.9610265990784854,-0.17837799592229603,-2.850987593229887,-0.5073451498323449,62.486820507911304,3.4035124076151244,2.505102315945529,0.8802522679513575,33.83289465894973,581.6189519433458,24.581306279492406,495937162480964.0
3.4315136890594085,0.8190834740814678,3.356513530330649,2.730562668619472,-0.9831120602219237,9.510317108484415,3.1735058500688442,-1.6116956029836087,-3.2613001843958718,-1.39527313213386,20.419985008812848,7.539117649586155,5.035326807531083,-3.2083688280461398,53.95319057000404,1478.1000558293335,36.71968816054479,2.7136894190901592e+23
3.2482371888763675,-1.0436670895680749,4.275430975003246,1.9139393935967353,-2.2102785942124106,5.478414371334884,0.5004202985369139,2.1649139124176884,-0.11745098989740921,-3.5277896637355326,52.43370317701068,3.6932645614288417,2.4493642432200833,0.3799645658921652,18.17963204729816,168.60634926343596,12.164935547948915,78940713.25328642
3.2785468624063383,-2.4615006412866873,3.0915565275259826,5.033129019679409,-2.528262243354066,6.067440634532027,0.9096640922922142,1.7260941187741279,-1.7630475281388511,-0.0761939976349931,15.585870738611677,73.82023799710903,14.877852404984562,-5.3529157857686,21.950754421090455,244.636595414412,14.025121095439431,3428299022.258851
3.375812919134844,-0.5616790628372496,3.446607476465723,1.635407678723043,-2.222777832975395,6.535532191361495,1.1430017918634343,-1.433700953849037,-2.1975344328029114,1.49372423179791,23.17594989667816,3.0911848559405244,1.8872919936843258,0.49389422530635974,25.642741266218554,333.68039036331106,18.367913769838285,137558752447.9375
3.359298169750254,-0.011956934654904366,3.8604638281285766,5.157960690375035,-2.386655156094417,5.457216185995355,1.9717373054956822,0.9304236289117201,-2.5652741540263797,0.27902963771896394,34.83314670581683,83.34593788736379,15.973695776827896,-5.3904506694123295,18.07344464379101,167.95473043496415,13.325985685459147,70987750.17333072
3.2971596956428875,0.3232682937372135,3.926944384318838,4.885412002378741,-1.5141710316276724,6.221701676116135,2.1464635632658036,0.35638694426142187,-2.0291654742511347,-0.1438758017071443,36.423322542635326,63.47978519215814,14.071745911829215,-6.0627566370585715,22.878587411068086,266.2386084406098,16.55794123194825,8670246709.033981
3.3181620421853926,0.7314630491785394,3.0031303961426556,3.431610277884592,-1.7459712130723348,7.584948449571473,2.8486712941440984,1.2586312919887637,-3.147470791784108,2.875798610629722,15.0586086716406,14.931822854143975,7.780541003926087,-3.2508928416538065,33.152063517997085,558.3678705378003,23.35643077055417,251041456090277.34
3.309470525102888,-0.3137735140005118,4.175517239393034,2.3393065606950407,-1.4698905371808741,6.1673236120566175,1.5811810612418067,0.001958071924311952,-2.0409699375257233,-2.0216316254058726,47.21681554882401,5.7230862215386935,3.9400029970843358,-1.4382039732516256,21.029873996079612,222.59318262465314,14.101744031829478,1365040146.8783317
3.376456631395428,-0.13810295421564217,3.574031517008301,2.734203385536474,-1.6355706290044285,7.280049632313703,1.750289764808717,-0.8248821467775788,-2.544407532055531,-0.5276676048994966,25.894737542659207,7.36867804873429,4.725468544248113,-1.643253900301238,31.740717230137307,511.22367421737675,23.159951816129954,61207626718678.82
3.3807260627269757,0.39144330048529985,3.984648952643126,3.7839286282516142,-2.649306473497622,6.2233781103742185,2.910650974363238,-0.25798946794344185,-2.0522332059057904,2.083532907297245,38.477798343030464,21.808419065892608,8.268590450592319,-2.2306792456081945,23.068076909617258,269.00000446385036,16.556732682142236,10479141479.841415
3.4827091944862385,-0.17756516840973297,4.4082374196202565,0.7093192439917719,-0.9458450585792257,5.399475911530004,1.9481942551818539,0.48654408467966614,-2.120094286223874,-1.9029121296619897,59.18327146785001,1.9186381392781673,0.6026223486905324,0.4601316528885791,16.730344711358057,144.36893858545076,10.453224399763487,18530347.57913087
3.2469991999487853,0.4369585926580374,3.234904445601946,2.5706938561918253,-2.6094668056208548,6.34576038011568,2.6578861418924933,-0.02315572503232441,-1.7500435445058704,-0.5592101106195057,18.43232190358254,6.304621227044315,3.9861119993804905,-0.44952546761204193,23.022926941433074,269.41496523732997,15.478338362595837,10016530622.167847
3.256223542326625,1.886129262154606,4.292194634263193,2.123894270328576,-2.636085784747709,8.279564792569825,8.94705446209476,5.250187005756717,-9.422063224230342,-3.623020759589867,52.40865738582439,4.340197048272062,3.2997562771403928,0.8378346276510472,40.582896793870404,836.1843121654626,29.489465048342577,4.2356038354607885e+17
3.466904858974716,-1.0920790854456788,4.500266720527872,2.9064500448845214,-1.9666333060593142,7.590865877707986,0.9818745390405579,0.8698510057034926,-0.0747388802394851,-1.449635469833504,64.9010262035797,9.47382124543384,5.145318525174773,-1.845236594017888,35.21111207616647,630.1794013157731,26.49978164176406,1967790556428227.5
3.4294233389597553,-0.9288507018079408,3.4913516813820875,3.8575604626817754,-1.2355697096463794,7.2767339397779685,0.9371454155229092,-0.8794922091713672,-0.29071908264038826,0.17730625443982898,23.808526893706563,23.231860226990776,9.330357515585812,-4.454151013064379,31.88029810309111,514.0714026528108,23.433584515435808,70376026626281.94
3.3286413801329773,0.17596065785254564,3.834438609346114,1.5962291442746173,-1.3227900724333126,5.198740775527363,1.817440285964467,0.30512352340789023,-1.5458381862718538,-1.8492844693508048,33.929467822461895,2.5128722812731343,2.456619860148153,-0.28964007790003954,15.480695106224806,121.65800870178616,11.76863198929579,5310889.568252405
3.4938480921414836,0.6429944196987096,4.427138548417047,5.321674141006939,-1.060533607237896,8.031829548097257,3.104454621783858,-0.3714963879111832,-1.5841226933548906,2.937599035955945,60.41421509553259,97.73216583462866,16.438965536128844,-7.715310460222585,38.089734524583655,735.8825492313064,26.650435086592573,3.500650203990698e+16
3.3105001452221856,-1.8045878493920888,3.1174697041998027,3.428524407755799,-1.459986006888989,5.771686288700469,1.0199016210375715,0.37439691841017386,0.2648480125368584,-6.631087992299264,16.380296239742112,14.816525097905872,7.091563398365997,-3.6847183942403516,20.41967725891153,212.01052781501986,13.869936626559765,741549819.6860858
3.2225265092734854,0.5939103857781234,4.218183569527911,-2.4961971837963093,-2.0549659640540248,7.009368672445094,2.5112457063780775,1.473646875051478,-3.2379928496497805,-2.604187343850705,49.585652562571035,1.014773829510887,4.111079122006852,8.20782585016532,27.30062467018447,379.45637672356025,20.09669541791286,721934579781.2781
3.2855233651882574,-0.8411714018748372,3.034351794350373,2.4601103695316353,-2.0962101270296767,5.811529049962922,0.6614729544214654,0.11710063932642856,-0.36865223865031826,-0.22763719381928718,14.635502474118473,6.142085782603368,3.5661811400070764,-0.6883506591425405,21.14032238794566,227.51350104034182,14.630966452882172,1524447778.8204114
3.5704052939356523,-0.2525046425721903,3.998940587837848,2.674935439165626,-1.8875750736163885,5.992383913264985,1.9162961910603968,-0.2352856099863735,0.015585335264669986,-0.41707263192395433,39.01200102762788,7.586724248265854,4.664733971905654,-1.1305876825951677,22.072037585760345,247.8887356314386,14.749584435512967,3870359637.003566
3.468934232191554,0.5534016777601514,4.203887933530893,0.49860983850846563,-2.666269871561432,5.521591556495932,2.64477713919208,-0.10260183632018899,-0.6744467271229324,-1.4367887003286255,48.3737204670021,1.087269838729462,0.17112514213898727,3.6841707831958215,16.893491493002752,144.0795716736627,11.764192413551932,21814137.46070369
3.489371900580181,-0.5974052514150755,4.064225354644156,1.5468315277555966,-0.52775398961264,5.657671312449979,1.2030003270194896,0.019552439080326597,-0.7943653099386013,-0.9543330091872675,42.21124179407163,3.024673973910082,1.7741375631614353,-1.666267945591486,19.213771832744456,187.1257545771142,13.584671970666992,222035424.89684156
3.419119351822146,-0.1076060583336528,3.498277519257753,2.075420798847193,-2.610670273730512,4.569941481725553,1.9210044496083734,-0.6668336041148654,0.5209178962608656,0.743351905870389,23.47186039784453,4.351091655335303,2.7984127401038243,0.26331050982873627,12.333102728782613,76.34863822806065,8.16838663989723,228126.5115360348
3.274480058818549,2.635262372976494,4.324618163665301,1.7850122494916438,-2.540416080193352,6.035613591784895,19.18987915155594,1.3842861445192471,-19.397071969711185,-7.048242730685423,54.18879246520384,3.7725512336363254,2.5727730184479713,1.1326251505056537,21.76840632899751,243.99150737479425,14.452157792136347,2856840164.608902
3.209441755569138,0.7780015626818668,3.5769938394897176,3.1215537650258445,-2.532547403233498,8.436593883271653,3.3772761387167436,-1.1271904274129576,-2.9470105481258573,-0.8748042327040875,26.22590128722273,10.962041227968044,6.50611816634232,-1.7794442494627023,40.933201550955225,848.4642688118314,28.39903511151653,6.012440006108486e+17
3.4324692542395234,-1.9905995855057832,3.1265263215740067,8.840948639664774,-2.2394159938889837,7.574814638383319,1.096318259880334,-1.180096990015756,-0.24756940499791472,0.9745415018366379,16.864207810882288,3293.1021839284986,45.75011442214756,-12.909722876005535,33.50315477350355,570.4727688516427,23.812809574003765,356633749956513.3
3.530021860270297,-0.7444998082044891,3.204687289499899,5.442039623278614,-2.071301926274339,6.518970632577343,0.9971598051263327,-1.5999138355506235,-0.7919701157438909,0.01366350657547788,17.839324614054842,110.65755313198815,17.40099945936159,-6.789773258474063,23.585809491571922,283.0297031836775,16.52041861421486,17586284853.426033
3.251157765494267,-0.2515748720111057,3.3110211156807767,1.767164966953216,-2.1464976696483995,6.9391053269001235,1.9389278391669267,0.04283320111545462,0.8786637981788674,0.6754145020574331,19.590510811448176,3.780824241371347,2.532763428558207,0.6286015839779898,29.166396636090873,431.0415587929616,19.44627179438107,4664362678553.831
3.3039279307454605,-1.3169937062604788,3.6558284155067424,4.690314448852096,-1.7347090533927139,6.850124205064693,0.46701715442886915,0.3470860053894627,-0.13348042854154574,0.09167334661158147,27.82144782464656,52.01151136461166,13.21975455941928,-5.048898347324469,28.47322623238531,412.3873430679992,20.76182542457852,2332127179212.765
3.439694280285412,-0.3387495421445326,4.13680551272293,4.75286317445662,-1.553478106578231,6.596756908103124,1.6905867473769534,0.04248476489062988,-1.286627526004411,-0.5888057141909284,44.95926834477723,55.294841782427085,13.298471116635817,-5.358369161284889,23.998496351978396,291.43560145591044,19.012604692234834,26570622755.09735
3.482521637888225,0.26814744165417603,4.5633038037921585,1.6369524639534967,-2.1117170306119752,7.219813625788923,2.3323324718094662,0.02886721145880876,-2.581496288133323,-1.1362670239540869,69.53759669907475,2.6618967742987034,1.6920680459698707,1.0404484812708776,29.738169214980985,447.0721669613653,19.696108182390326,8262471750609.05
3.477521620153781,0.5647848893673276,3.5675751893782865,5.2529964559023465,-2.083154185791278,8.138954490871834,3.2084525027192963,0.8094945614319513,0.07837585233654876,-1.5363215329770115,25.326137720030854,91.53081513147917,16.552928168507982,-5.664363402131294,37.67198982767742,719.9861761207087,27.912425015474703,2.305284340336794e+16
3.2778348048491046,-0.6299475550868499,4.574664169674062,2.9064801581488293,-1.9300823732867283,7.8162898467131114,1.4647548186472938,-0.020068565055618937,-2.3928892309522225,-1.9140277135684987,69.99454896954131,9.390034771178582,5.384676319614228,-1.8016447894293646,35.25745334112985,630.1839828342389,25.038918698497643,2061126407979285.5
3.463774770718602,0.17432452354731837,3.251648470444583,2.3737648482520295,-1.7048780757408455,5.298136117197731,2.3103001859469825,-0.7048616212690438,-3.612563791232742,-0.11563601573918725,18.589612349626886,5.24336117165119,3.3480251825396112,-1.3484876969465103,17.101684344866378,150.04944558671517,12.70373822487524,26862978.635046437
3.4796917560668645,-0.1612175003831738,4.666297824966999,1.857418137499882,-2.0593670050933124,7.577558485325946,1.179374742577746,1.2425304637807406,-2.5916502718782075,-0.2134066624112611,76.65932687107149,3.863810949870886,2.647134724279409,-0.14152629227981603,33.01813862134811,553.240660440376,24.447639089517715,219574853488187.53
3.37007550461692,-1.4127001219178725,4.526725592784054,2.401061674569421,-2.71334347923764,7.285317811920422,1.2974934022281894,-0.46103236801424585,0.8557063325984717,-0.3362470084714291,66.32922584660828,6.08035993252418,4.253822406177019,0.27362541655797556,29.771932281404595,450.97661253820206,20.449785411507655,8546200964840.896
3.242135912963919,-2.2478602414576314,3.588771475213554,1.4631842776163293,-2.350224187514128,5.853601475304521,0.14532524558511348,-0.2812366677966438,0.5557471947832127,2.1832879002390686,25.86155444009934,2.7473565371335504,1.7573459573280794,1.5859128864831242,19.47034307732317,192.3137912006276,12.995489857978779,286978760.2289139
3.159767186049165,-0.2988750440920723,4.132366852987683,3.407676063336629,-2.8762335144472955,5.350754326141369,1.6441560150535346,-4.7984098697047415,-1.1819968348598333,-0.20458065359298516,44.9685781894777,15.355237039396489,7.616997337610655,-1.560896198171364,17.071849501658317,150.15588917003913,15.20905877320573,26073344.0414767
3.583665122290301,0.6258913406191531,3.2682893301752394,1.9449499132376697,-2.222651767695629,5.907182337634213,3.2067547670992944,1.303599116103142,-2.071608051037167,0.86460089877202,18.641726510738625,4.284560757104355,2.838025297806666,0.06400363857889617,19.999452863204734,201.6970902640898,14.281268271454275,487123644.9058023
3.2517303912414106,0.7380855270017715,4.265122128480906,3.0152790041558495,-1.0995495242313937,8.212267644251593,3.2557557121682215,-2.984317089926115,-3.058492565524534,-1.3716498815618494,51.430153541813375,9.751753563105316,5.526382405684018,-3.2679583552573925,40.315327418232094,823.7152036529236,28.761549564168515,3.241241788608899e+17
3.39735956568121,0.5527950123815376,4.397516318669401,3.0346614179717246,-2.3119215443243535,6.688907739383465,3.2331510906153382,-1.2216292181215407,-0.8632313734859924,0.0038732505992127297,59.159423618412326,9.952217057819125,5.630207948607323,-1.036283213465133,26.860223774910846,365.81860793804043,19.209656961946415,464765801048.19556
3.3991044327724156,-2.1498732218231495,3.3001672692844433,3.8417158270322735,-2.2694690368542734,6.678782633676824,0.40108931359846484,3.5102831821246663,0.5296044443990512,0.20749476047142895,19.87548117840866,22.30925115623949,9.263684539815657,-3.5107878668004058,26.83744817687528,367.4668105347281,19.545112072875582,454300115481.6609
3.520835332646521,0.6247132943486357,3.649761629919029,2.235291294578152,-1.695186880060172,5.8204838370787755,2.571618150384908,1.5536206925751803,-2.7479103998756265,-1.7066689551076462,27.763529697379678,5.0771754006056184,3.4020393927111705,-1.2844335438392114,20.073301586926757,203.82549785851032,14.438643263638461,524458707.79234856
3.4376614635417195,0.39745024483912755,3.441380276511654,5.037622204126298,-1.7347336862501574,7.249808152854092,2.1574843945523874,-0.27854818352989874,-2.418464751825426,-1.7259722313167274,22.501183806351712,74.0328346237035,14.858302795428433,-6.413116865533557,27.797540100155416,392.813151500694,19.94911923550337,1186603080876.5337
3.4521225679513403,1.8407949924526104,3.4019921739218044,1.9072295321082773,-0.8481805503984496,6.551615862614605,8.65775815877515,0.5988334163219282,-8.114662182990148,-2.544554549792895,21.25845028340028,3.5904964119370755,2.6011914065199493,-1.7944309317518647,23.550535438207877,280.5927867842222,14.440955663203049,16976758945.783724
3.2015448881525885,-2.599133111845935,3.3200706713699915,1.0852319204563832,-1.2598935549135304,5.077213945189399,0.8383055912468012,1.6017876419800843,-0.0533236403971582,-0.48308521072929284,19.76597151531757,2.0327654533674533,1.5872246849369551,0.27872820090944805,15.028155851646625,113.74960892988594,11.406055394340981,3377783.9561146223
3.5241213180629143,-1.5912958478621841,3.097795306403786,0.06319192986460953,-1.3700834731744314,6.480821556840885,0.9675709334207925,0.07878127482753366,1.1363330265456453,-1.3713690618495855,16.06478466125387,0.6190767399974828,0.29850082605109063,2.9159006694463527,25.39634569797572,328.2921930230957,19.355984301073455,107517706786.84273
3.5712771207509006,-0.8416729765799186,3.542235280561365,2.497795798098702,-2.573324925007421,6.125353702245788,1.0139813287972255,0.18124705392556772,-0.059525396423837584,-0.49097585644520775,24.656172528153128,6.1182922497468315,4.165582422103033,-0.43818909888716473,22.35859815033482,254.32674793738687,16.412513637747026,5154695248.474624
3.419521653942941,-2.159769091701754,3.4763688965381823,2.498680598107946,-1.5805895314468774,5.894764052072424,0.35942414359742575,1.3239831998541012,4.077618652714246,2.1490577991238333,23.741442222655543,6.22448200549332,3.64570317480863,-1.506888251079298,20.713452170231164,215.85949503887605,15.472591163223786,994775702.6512403
3.229266392111739,0.3946543455179284,3.915673756377257,1.9103449789927691,-2.2604579852272284,6.310989704508923,2.5545568854002907,3.591020964290318,-3.399535269121842,-1.031417794690235,36.484357712554676,4.199878831947138,2.7661172774803324,0.06269370591418733,22.60290858528278,259.8284480181596,16.83359971312345,6581208786.50562
3.487280658511997,2.8022000841529575,4.693912391296335,1.9385821001321393,-2.4437372425976203,6.520692675329407,21.85106350286292,1.3420392152700487,-23.754055483620547,-8.11792643445986,79.1486373286508,3.4800998919674955,2.8308506938391957,0.906654841228031,24.90065398718883,314.97438814578896,18.47796450810568,65494347237.446205
3.4232236188435303,-1.123946274579814,4.577031892556725,4.094659202209714,-2.659710223042623,5.283096608634732,0.6048635771470439,0.31796416034338315,2.81117482218692,-0.8095642960095737,69.93750734832375,28.773605882799597,10.544615290216173,-3.249351908056176,15.685278963882315,121.66879208857603,10.550072660630969,6516483.907941505
3.3430763886624937,0.46183104483904175,3.738641282965599,3.343610163100547,-1.9864933253480803,7.600856024063766,2.9535359906346716,1.3122170368389627,-2.49520686055576,-1.204266193828373,30.240049895456632,13.972195662503049,7.226770057179946,-2.095044856477414,34.20904734620261,593.5749708362313,24.866523083039414,722416554204474.1
3.4938737127272312,1.2006820751307532,4.52363261902684,1.2384916504540087,-1.996163853981421,5.839640340736253,4.803152222502653,-2.150329703617217,-5.723018667932146,-2.1528623963483895,66.62215847459308,1.929849806427534,1.4560430877057047,1.7692836203991407,19.888378421676208,200.40104077592986,14.397415093753189,435913375.91423553
3.5513310492945696,-0.2542039978666853,3.4870461255363763,0.5123387389199878,-1.6921841224888508,7.945056015617336,1.8417635832128139,-0.7303605477986511,-0.7455519687417327,-0.44382024702782386,23.27263041039356,0.8240077993720022,0.38769205926445804,2.3596911502992515,36.00615827611711,655.5473125852794,26.737648586764912,4357757404805018.0
3.49679620742019,-0.33899454906830734,3.632130901220502,2.3368205194301956,-1.8083999983546093,6.9641412114735,0.9599973205339761,0.32476559639789393,-1.4215058296850798,-1.8187999646319133,27.02880701930418,5.2622554046037,3.2390230659497403,-0.6263515836497524,28.924334612178196,423.3853505736006,22.271518389226483,3661559623834.751
3.588608437110774,-0.8344515902754133,4.171077630240517,2.71323162370438,-1.2497668500063175,5.247593541978466,1.5604678118844288,0.33972170480944086,3.234014742911112,1.6375094339909306,47.19895070682704,7.388903296953245,5.027448306021005,-2.1759007188988244,16.806167572202252,143.58808530210922,12.1046158394319,19989996.44151032
3.385832504624772,0.13294419072563626,3.0209669889153146,3.9124675020889432,-2.531120765112646,7.034959782627853,2.236285834577628,0.04882418748874163,-2.3099052874147983,-1.072605962544933,15.223265910939265,24.528229873721028,9.52635937583878,-2.4520052076040666,30.3187035671076,464.2428995329472,22.34109311274275,14764979670254.17
3.333840111447875,-0.7718821904540338,3.3730783739514143,2.301425690943872,-1.518195037482505,7.831635795248128,0.814655403350479,-0.12268970826045449,-1.0450936571263112,-1.4343913827491686,20.82410790073844,5.431959015566327,4.037871601945166,-1.6808220409035228,35.367020435282356,633.4660609827208,25.199466117184357,2299794399696850.0
3.3293852647549538,-0.06287187250080567,4.126560160491399,3.30942458679393,-1.7183716106011369,5.976523803564699,1.2478306912959276,0.19349866071424812,0.30584930848607916,-1.3410840563174693,44.51301465846755,13.287901678697247,7.107918368496039,-2.408146637014179,21.52946849875824,235.1393986668929,14.7269588846351,2249658296.985738
3.654999583476875,-1.3633511042544306,2.9746223828631013,2.3644906918234923,-2.4763479799679087,6.110800947699586,0.6709371382769395,-0.030376583811971947,-0.21160960163420442,1.3726172683614464,13.68593815716732,5.883639679364576,3.9725678637112147,-0.35251669663865337,21.5770896427062,235.19375693513115,16.753632563856257,2359381450.2831416
3.330115840350257,-0.5158502815547181,3.277688496470929,3.6286963697814807,-2.0502476308984923,5.461968747436095,1.548107840746677,1.4211105087488876,-0.7805695413894664,-1.3417317595490679,19.436722959940642,18.26827560000079,8.551970865478962,-2.98258271844063,16.19351164771534,133.04163186253734,11.768852735365932,10832742.619948087
3.5355893274175645,0.33095005574997993,3.3304000809126526,2.347761931154954,-1.9430828318802196,7.512306073862147,2.4618353857012187,-1.3674796721534546,-1.9032464176636026,-0.19913965507060116,20.52194161478376,5.294162195177794,3.6304860308478037,-1.1769849521212843,34.059178560043705,586.6899483718829,24.82038873207671,621871283271885.8
3.3634617412408088,0.1594164796056104,3.5264909089546776,1.2149842114834215,-2.077511349034035,7.1614476933705875,2.3016364310014574,0.4120719004551417,0.993873189066895,-0.303523114238705,24.318597726842565,1.677940544608477,1.5658863485674526,1.653088268669302,29.932715075707694,456.0785943390235,20.32974650384426,10036913502303.973
3.2965643453110216,1.6879264318371137,3.8610382584728304,2.447210515412713,-1.2190742459366426,5.427833306134255,8.051902559598231,1.1220426446259448,-6.618986621813719,-3.0782160451367706,34.89612472679644,5.867783859776382,4.410469366219369,-2.4808614200561148,18.0674674026412,166.48249142502613,12.311968027252767,70564863.23489925
3.4596382271518955,-0.03247017745556712,4.110604319805151,2.330474981975105,-1.4445580556544273,5.3621547809154695,1.7896272936642874,-0.05539635363751626,-0.7286823907099285,1.417087922202403,44.44505121195491,5.787693095313986,3.4540498691982275,-1.5328964224639956,18.600162754778307,176.334423882608,13.221318863539175,120208506.95400178
3.2064597319733337,-1.373028248914554,4.131400236738703,1.467199275454118,-2.087612466573635,8.482587307207407,0.7186068902023182,-2.489196042636602,-4.494612560462351,1.2856857163119866,44.99574755571153,3.0498750821333664,1.4735586514483776,1.3170091835178446,43.18406341854112,947.4056020599974,32.483480347474725,5.709362845870882e+18
3.2983166052307262,1.1796711522496186,3.3976732509075505,3.5329128329557653,-1.4553963487809571,6.236519644630829,5.198538013231022,1.5763243738552293,-6.3767282947979105,-2.7461185204462133,21.44429316314263,16.366734463280498,7.770722236872049,-3.3181360397443584,23.597700806943383,285.56423263162645,17.519031066184915,17796657434.86037
3.651544748973588,-1.0985267401366288,3.0776921749611836,4.303892377613011,-1.4635288795080474,5.370030499281398,0.7865976508073653,-0.6501748090837546,-0.682369032598259,0.04127039324853668,15.84191148797138,36.1202431222817,11.203579960642514,-4.860251537081138,15.880713486539044,126.72173455372193,10.605068672326187,7922996.94781923
3.4546421376459886,-0.572342273143667,4.13091111367901,1.4729938840883496,-1.9621592299827753,8.669675580056165,1.1537753687173928,-0.8246736795418116,1.5414895153752501,-0.07482575501842867,45.36579158072692,2.6318410429361707,1.7870269363317455,0.7042673589980405,44.78371779128039,1017.1484375049249,33.19189393204899,2.8268887111549112e+19
3.736668827470746,1.3170555960248331,4.620938174908656,3.0733747898073873,-1.103999701808316,7.099343703081139,5.545098381564483,0.36086535916576623,-5.993302365071343,-0.621387733040986,73.1455092478716,11.033139420387586,6.313466652169083,-3.52590462526561,30.028857451674703,456.56918408762715,21.766122295127513,11049796625648.582
3.368779362573578,-0.43309114120585407,4.050574248080601,4.292131907120252,-2.434838782981725,7.947600370443416,1.6590086992823891,0.7028855161253416,-1.1058656561019864,-1.5993462952060362,41.925796912961175,35.55000011328633,10.71721807029469,-3.5717318800356437,37.451136637492226,711.6951360304504,26.487925241140655,1.8484562600619828e+16
3.40914449894088,-1.3152097308805342,3.393016147476671,1.601832245752399,-2.1315950311031626,8.450400526479754,0.8626878785845913,1.649805480921405,-1.0830205435086084,0.9289145273570983,21.21674505718134,2.417722731802029,1.5330010571332742,0.3850867111219712,41.52032005269179,873.7798368160423,30.033896377492425,1.0815163302537606e+18
3.181481812455061,-0.20223345590466815,4.63109856628115,3.3057672013953012,-2.2726639008075007,7.137455321217946,1.4095174969209385,3.366150616284537,-1.882025343717178,-1.4135660801698016,73.89481580747265,13.743326257777964,6.593261513950011,-2.158448608860903,28.1760844298174,402.4035408742895,23.406790605026647,1732627428195.0234
3.3837631012104907,0.05192916785058081,3.9312089884971444,2.3405467276349996,-2.04558282041583,7.6597827905988956,1.965751568931938,1.48730967879562,1.3569150292803702,-0.0832703565883327,36.47899811217128,5.5174751153151345,3.5772830969559646,-1.0590195814363568,32.85820638814707,546.8135703556188,24.281684385059272,187122027844309.34
3.353505263901273,1.7878705450778578,4.094868684631846,1.205861515021755,-2.734619495536188,6.198910941446872,8.060396013223608,1.236888076736249,-8.211375039092173,-2.7266142610923243,43.31587038141731,2.2593005887937405,1.264314153606514,2.101300073374864,22.380226994893565,253.37027673112004,16.37347859870496,5267399806.022032
3.305054798636169,-1.053577634923791,3.296660163121968,1.9694730359457964,-0.6416889897539821,7.733705236612952,0.6570472094436283,-0.9593285051996929,-2.7574728401577446,2.558563915906649,19.777233965065825,3.6351708268354015,2.9833443160922113,-1.6474373411374144,35.1948100759132,627.9356283481658,24.954404472031296,1935971694492546.0
3.333430903112307,0.3576318697912931,4.0008266034465025,5.7281439596661645,-2.800970033167657,6.453050557787046,2.125225368570455,-0.7947778569939362,-3.985540441008718,-0.4698384617728932,39.25573553622838,146.83653848737632,19.524530863580505,-6.140317100693428,24.849074705172093,314.3138266951718,18.057341477828,62201838077.20341
3.3112981757951117,-0.791846717758692,3.3322570844540107,2.877681379008185,-1.176720161811767,8.069481771557319,1.400441516327076,-0.6326533992359283,-0.7337394613585613,-0.32203208846874587,20.362593827184455,9.342442269956965,5.111455477088192,-2.5964418583910627,40.98903757304238,852.2935860451473,30.107656424252536,6.357700016206534e+17
3.3834640988998523,1.742200204016344,4.489640758445437,2.409911514937017,-2.660788208754515,5.104712394193213,8.349708531554851,1.5517339986969496,-10.16143495328091,-2.226731174565658,64.32361811199499,6.212230732836902,3.982040313371282,0.026740215323657224,15.096925688922168,117.1762873339431,11.804625264366171,3618234.2088837507
3.3313958424429253,0.24860359914673197,4.082211923198446,2.318689527315928,-0.031930007645036174,4.652850651951248,1.983231839214386,-2.493743437439436,-2.7417976924202856,0.665522422763623,43.12029280373564,5.5662456473815904,3.4215452894834137,-3.5211666926422276,11.60223076127803,67.38987440374282,7.9858914703063135,109831.85482355268
3.358032050119804,-1.2188933643157212,3.5731259430267137,2.0890127278154758,-1.4212157954473543,9.752933546217012,0.5089272194721026,0.8837871239825332,-0.05064113124130054,0.4581822887003488,25.925996289947715,3.9238617385017456,2.895567909252139,-1.0003491479845215,55.67758650641228,1569.5530952213385,43.0789764062569,1.5221441436456862e+24
3.228340601836976,-1.8449692290808617,4.180676883760371,6.564461327877875,-2.7684772007276592,5.226431151705483,1.1546341586035052,0.2455769868550901,2.8038436660822823,0.6651816941158489,47.62879688616018,338.7239543696551,25.30027783641071,-7.683426809625774,14.838436451617332,111.63495437653289,9.876827783701595,2793367.671541443
3.291489282162761,0.3701992668238183,4.117225246815956,3.8310960571037245,-2.3247039146382638,5.376698031356588,2.2620275253041684,0.819879500745169,-1.3520446381908173,-1.1975457920650445,44.496044532539806,22.13451497293728,8.814326637001217,-2.5861722222648322,16.449356647717913,135.99239307973878,12.2598739222481,13991058.546567569
3.458254809290838,-0.2314857569169087,3.8672833057950067,-0.5662138444525273,-2.3985687300570686,10.758937269206644,1.4364238286443591,2.7025526052127713,-1.4523803964731123,-2.5817172828363755,34.865398391757104,0.49068592856428406,0.9245972670156893,5.618436825430365,67.75086184735294,2327.4000974761398,50.03484746980605,2.6657083979399488e+29
3.1636701990655807,1.458463738993887,2.9772320764765885,3.2888397791228794,-1.241012878604349,6.418475898351341,5.997770484140403,-0.12983028066842645,-6.261932157699682,-3.0832936500531267,14.292856571942364,12.867348966976959,6.748655843422443,-3.45999419024715,23.836737277967007,290.3892885105755,16.72890090748063,22602197292.22016
3.318480205927411,0.058063764168721166,4.682087066097148,1.0993406925747837,-1.588749185745347,5.694928736596217,2.218979599975028,0.10333821526842799,-1.5061069338188995,-0.8274827424974117,78.49934198509627,1.4903814393005088,0.9882929196405654,0.6422619210538223,19.241126186213844,190.2582605154089,14.008920795820776,228192896.056003
3.134049072128048,-0.15580235850402335,3.9817625354835533,2.776239167776332,-2.1120259678228415,8.023920810850838,1.4137983791894535,-5.033542485942829,-0.7063804537537548,0.5387815807977396,38.95060587796774,8.624641269146421,4.747333541303119,-1.0681761121010367,38.82712605175987,764.1945132329347,28.388980913036196,7.318023303401346e+16
3.3521118484937253,-0.06773524926271585,4.573190167497139,1.0305613439268582,-2.055095897675025,7.26382519773289,1.6159206497024328,0.46123627821871815,-0.9121511205629995,-1.1004328530000214,69.87749544570633,1.7117077075126415,1.075258712297896,1.367221581698358,30.755871696904148,477.6567352464666,21.63445349913542,22860859774837.094
3.4039038268288757,0.5694620427092796,3.8106361168158207,3.5515247211437484,-1.2900967260857754,5.754341448467245,2.5086467373266754,0.27827399944859155,-4.6795901422478,-1.1384533843048035,32.770103644600276,16.81679355728527,8.18273904085926,-3.978569569544915,17.550181307512915,156.65913213142616,13.854600817113743,42066240.73215418
3.2897662254489526,1.1357789693887745,4.625596233081685,-1.200921772626303,-1.470072063020468,11.135024083210363,4.451270135361128,-0.050531169581031016,-4.211364033813684,-0.9561535938603197,73.49221805608448,0.7322637379781435,1.6757033682100548,4.803252755783266,71.8138438129301,2613.9116391552657,50.6197550181719,1.5500413643404339e+31
3.4212287203236804,0.8799434552680564,3.0735421519640345,0.8197522218727811,-2.1756041613058175,6.758522601766914,3.4777527455993362,-0.08999021979096788,-3.6462212542909747,-1.2959173166778435,15.351096669924514,1.4850246523457598,0.4023839769017144,2.3556993574180143,25.841422202791307,339.4020721546427,18.68161309766682,167793163796.18054
3.4815065649916113,-0.020398070373165027,3.5436416847965613,1.995698877116868,-2.1537234223046253,8.250729513407258,1.3615766347306573,-0.17021853703303916,-0.39323642414408333,-0.3275088400159167,25.215548642176433,4.107194508448056,2.731471896842276,0.21417359970582145,40.31137266480587,824.1395209817538,29.138040307434817,3.228448789791756e+17
3.1412297188718914,-0.705593239927769,3.2162935099218624,2.991296499907876,-1.4535891330439357,7.642821452562442,0.7755882524427401,6.0830518202399535,-1.8361169468584806,1.4493086772842492,18.132922511499928,10.26919597665364,5.174595921111678,-2.8111491837022293,32.64848642671993,540.6961666466772,23.200288747266402,151720649530213.72
3.301024014333058,-0.6958752462073465,4.088456980294437,-1.5820427037594182,-1.7155495905997136,5.5041977189185305,1.083842882346639,-1.2542732534744565,-0.13250626897379936,-0.5315607418016564,43.397825264458405,0.9728090556257287,2.3255035898473677,6.622021153209426,19.84407817481154,200.1395266723829,15.598686090074546,417024500.6719811
3.491951057092903,-3.5481012802730123,4.075581212905002,-2.3744431387218254,-1.6963670925838126,7.394989614438901,0.5078600811824543,3.217013919077279,3.1897899164467907,-1.6043365118239623,42.338670346400285,0.428288838148095,3.5216414456514893,8.11274334755613,31.244139186225635,494.0495539078046,22.66720710556025,37251557555115.08
3.3176658353033486,0.7886390110810718,4.54954921960992,3.043095767869436,-1.814694242115008,9.181428068842909,3.377108522934594,-0.9063606139228628,-3.8748466249478364,-4.527019879771094,67.86930739850136,10.43250205632693,5.3418187782241,-2.6737724960713494,49.94767146020845,1265.7686884625987,35.43679280607302,4.942939498743765e+21
3.8603270258344073,-1.7320792016056714,3.2073087852360405,2.0385194722284306,-1.6756826782975875,6.546902035607055,0.6012294410485785,1.6949395964083613,0.1872975405145687,-0.5597635949612374,18.171622910314063,4.320026278561487,2.969375085851489,-0.4459159364347455,25.078055667416574,320.9936946653714,17.44655652722393,78207497390.42767
3.4838483540160032,-0.8902789408616018,3.3085312480829465,4.567628080659148,-1.6208439293020982,9.061236539066217,0.9935198734657998,2.705886436959725,-2.28178203447423,0.9592489821858315,19.339960674724253,46.25214269195175,12.30593564950715,-5.445445542926511,47.041496935194814,1123.9357313660853,34.01943097217271,2.703022962491294e+20
3.2312230743497214,-3.7114949875193632,4.439801779337932,2.7767089317947486,-0.9890515508448421,7.179627394241226,0.2233612762384637,2.350868956180869,0.665773106571695,1.118664704757209,61.60326969948743,7.701393783443976,4.923921399904191,-3.1581075999704,30.22137439831827,462.7228762728452,21.7268703744159,13395635829172.752
3.468208765090646,1.6636124725823973,4.200209833439343,2.897827539732658,-1.7661608955870276,5.7257338807523475,7.05525450828949,-0.2927353634175012,-7.564848978995171,-3.758733973792731,48.59790675820427,8.970019887455413,5.658886757240448,-1.88120420551218,18.465142535172333,171.0340438043586,15.406836175331767,105025950.4231227
3.387588404976557,0.7237651323677377,4.435281834029381,1.7985023124936943,-2.0466010490542423,7.2645876782611,3.387482057070643,-0.9303099047245167,-2.9190164785757458,-0.4885801797197692,61.17120260024328,3.010159183547097,2.5943522042308484,0.5790322537022509,32.49188959623542,535.6168028084951,21.419185765436335,129728547013397.17
3.229164977478054,0.6402192816373812,3.8005277984205215,1.0589705034069066,-1.4077071279672677,5.89798543637688,3.4709482306012336,1.0727212960867882,-5.788736543747518,-0.8606872940210479,32.39318907080268,1.8891862532124,0.8345427247709206,1.0985444428147053,21.581210882290833,235.18930522981557,16.535065351047855,2369125103.195471
3.3519699829285887,0.0868956467228601,4.507887343686278,2.5838401848304016,-2.6106445941899006,4.829514296116079,1.5074671790466536,0.03427108589670843,-1.8332999905984408,1.0918394327205645,65.63771571607559,6.9262910396776824,4.086821951922324,-0.268438612689584,13.534011051179496,93.69562177387425,7.512178362948246,758100.5065294796
3.453848859317432,3.4207884615470436,3.46103827520792,2.1691769516038346,-1.6999620225625007,7.806022807215191,40.22134307479454,2.703870188466582,-43.47759486186601,-15.477168503655479,22.849177390769412,4.846404199772141,3.496935452764196,-0.8764894591360101,35.09363374416377,624.8021770773321,24.202324555148074,1749680214007825.0
3.2593341582970874,2.762260175009504,3.044005402641799,3.273176562721334,-2.9588333456937717,6.072390158770588,20.9809412364421,2.5811749815375133,-24.56496126610877,-6.50682853865929,15.639306641517965,12.855085771769758,6.4119584395067415,-0.6561976347780436,21.414473907297968,232.82650636668598,15.273341199541603,2005280081.2081835
3.3281658558933347,-0.5624367055045478,3.9463424330298533,2.7343241208370985,-2.695938046340132,7.93729270994695,1.0273436767975956,-0.24456685793298766,-0.7480313273596035,-0.4926483501300809,37.3228620915618,7.681906178316428,4.582155988099023,-0.88450599690694,36.476574911344805,674.2344105947905,28.72051805335984,6975292090227521.0
3.7508587156679094,-1.4600379994514205,3.5140833489777736,0.9516244013669135,-1.8271625654306642,4.695161350395179,0.6654075719327384,-0.21771182269961803,-0.5999889434539465,-1.8331852495915681,24.047119570149757,1.9265514990541808,1.456686146118377,1.91560949736914,13.369077689721871,88.92425733891415,9.225272388459791,642844.9544018959
3.2430977474763676,-0.11689439540998887,3.9131230656774316,3.7088208692046667,-2.32609202073133,7.144992309746439,1.616817231598196,0.9218542359449006,-1.0497770214122522,0.3347793687490441,36.72487825814079,19.828996718418207,8.48317747486394,-2.652576150628069,29.46881005096593,441.0068903180502,20.735651381738393,6311444812179.621
3.338438237595676,-1.7286700074707575,4.582981198088221,2.6704499469581204,-2.2015546944690234,5.716801227238893,0.8018214537686783,-0.13798181353920924,1.5049816371994438,3.7309841170938105,70.65450283953032,7.051058940311235,4.4294897098378305,-0.9585240818934467,18.906924779497874,181.80111070884166,14.142259056413687,163365467.84564433
3.3234444324213563,1.0100406422314032,3.9624897663319305,3.9469566486740755,-1.6665698096474069,7.8383827257421235,4.474186239293248,0.8841488712912309,-3.282955871130222,-1.732861999479729,38.53026291707336,25.422024060400794,9.921993879125072,-4.622119729928026,37.26651386922201,703.5324378307447,27.553570425381917,1.5368395515579386e+16
3.4593218582283667,-0.26425558398011567,4.620697888795936,3.152425543454909,-1.6611944879252125,6.755865922805706,1.1956082529784418,0.7847507226952934,-2.2985432139121427,2.1726254122084034,72.86452675885351,11.258973652175353,6.15022148512008,-2.8650679577062412,25.71235880312266,336.01112706796266,19.05116504006064,147476472289.20547
3.3404555575654675,-3.0926302744431355,4.69237832916291,2.32802042410715,-1.6982824633376294,6.7554798008319175,0.2206399204756787,1.8172532219467614,-0.015953753849697647,2.3346978126532916,78.54988146304031,5.463466971847749,3.968446303703895,-1.5426373969162466,26.830020536716393,364.9308887967639,19.264548974544578,450938238597.25586
3.4031018357900464,-1.1319030915209178,4.070290038959056,0.8346214060552639,-1.7439645164199915,5.73936044982827,1.0988302137506665,0.07482950298410226,1.9866853136821643,-0.018415136160918916,41.89943954364606,1.9182127286264867,1.1779894850982255,1.2675757064468471,17.108652922318882,147.52926257546252,12.782214677637025,27050839.831614997
3.361416886103135,0.36864410930106795,3.949297102145467,2.95340685010965,-1.2220264986379137,6.115288769602695,1.983692265692714,0.4280633566096874,-2.817266647643679,-3.268260308057307,37.59515279775306,10.058199589162665,5.067453928734991,-2.7627796176830044,23.39867821278457,276.1218181469768,18.180899433811298,14584919174.071465
3.2519787526160573,-2.6357260068286363,4.140257515423954,2.9266479413454647,-2.2307369757967437,8.70092597262861,0.5667444409908419,2.1518057470480008,4.762891461509066,-2.676098069196103,45.12912803928491,9.212250214596281,5.645168674028876,-1.764179761367958,43.15385825545689,944.7929145529783,31.97102665586979,5.539489057931239e+18
3.3682877135107003,-0.15776619754736873,4.516815410942396,2.9258906909245805,-1.5143454758552826,8.05321110058386,1.3189467394126622,1.684608288109879,-0.914069319657503,-0.33766723933982357,65.6719557199035,8.999150458190355,5.149204138396163,-1.9964513997361468,37.79362109717109,724.2062792642602,27.50126051055477,2.6034442929263692e+16
3.2968699300402022,1.1368940211188574,4.347009969508843,3.5067349875761025,-2.7171008490708743,4.72815775619445,4.437566466075151,-0.35898971287403153,-6.352137523343503,-2.3932569599121036,55.58174498747529,16.791926530430302,7.674927869365353,-2.230424357190536,13.203716886867252,88.00368549507682,9.843323101500983,544830.451633861
3.700269712373003,-0.2487060096590069,4.590031760123624,1.8540591531805108,-2.807061559426451,7.708271551329942,1.7750178182224596,-1.1074939637740908,-4.310408817587676,-1.8654093597277859,71.40718237657605,3.866616085790423,2.362069706068493,1.1110749263572677,33.19347475947681,559.0384272712935,24.831280705317255,261655651141529.28
3.3997704395252866,-0.29006595089548753,4.066384468444513,2.303477534109762,-1.1701862823986668,9.06496728680151,1.5460235259780115,-0.7420399668724986,1.621390417668663,0.0036347526781793094,42.21314283152793,5.164747905525378,3.690702262311405,-2.0886944138359556,48.754501939622536,1203.746520037678,34.67926489105864,1.4989886897260355e+21
3.356904877067424,0.6984401227212359,3.4280631073151753,2.9425427887153544,-2.006745849440955,5.252129283758225,2.7619040814994897,2.2183292124921574,-2.9921606746094414,-1.307996291913007,22.058891159461577,9.306154019004946,5.515945931652004,-2.0996990079851994,15.470390245491103,121.07673210575557,11.587991384433872,5256428.85094352
3.249575055237084,-1.5651218612633415,3.7543682829888603,2.2606572130701115,-1.5535148106367782,4.960200157225126,0.6151066090355968,1.693835039860652,0.5348743008559226,-0.8327511282446662,31.37902320498441,4.9732707834312695,3.5383834775312044,-1.0736526873670615,14.274424075815611,104.66755867311905,10.294385755335375,1589601.3331170543
3.538848140087444,-2.9682576365139215,3.1457493894625155,-0.5767225201477131,-1.8771714057089033,5.5571190199549445,0.29952042188353006,1.1672541221827344,-0.36505098423169835,0.08572274848041977,16.574340512451702,0.8475130806454114,0.9166554232508097,4.713246738588638,18.84796651790727,178.89835374783908,14.176953839229043,154012275.34889427
3.4251619185749087,-1.8663881861870544,3.5845598103929364,2.7887587972023833,-2.565070196935648,6.212449753090993,1.0525065299273797,1.9840486551572014,-1.383154096010927,-3.2960533487644312,25.77218308779912,8.01283368381253,4.614250739528455,-0.36927293384702276,22.77942440846056,264.99189901447653,16.768349715185213,7851732879.770777
3.2132843954724692,0.41241871136297265,3.8978035787332095,1.9366181494130417,-2.6608983282760956,9.101611638319554,2.062056775348361,0.030286483272682983,-1.8923822727100397,0.9307831080158058,35.28140268729032,3.797636418390533,2.8541477656125434,0.5629942367543391,48.787416636478696,1207.1686656087352,34.83872378357014,1.5491484157163793e+21
3.235943215392181,0.04968909854873219,4.38970021795522,5.05130385179808,-2.1142995989277233,6.235897251744474,1.546973938760027,1.994783445796614,-1.3676796933903657,0.5246268408701916,58.616835604568976,75.05635837436586,15.17506098059047,-5.597016476715753,21.880087206287552,241.60463670776403,15.242641791786134,3194392751.2992806
3.330331144841976,1.5096555112914476,3.0143336329011508,2.2532908099199096,-2.430614559791597,8.182739567022626,6.724167369985594,2.0358067970466593,-6.979066650023717,-2.9184170912902556,14.780210872386652,5.461468129377625,3.8622445797905405,0.42611243973598817,39.491226086389894,789.8815100343801,28.030975419924516,1.4217026357819757e+17
3.3381872891720117,0.61623971364012,3.282961635136416,6.039582926723275,-2.796871525409708,4.958707572942352,3.4291889809974805,-0.8064456370242511,-3.0529923407975423,0.7204970755200395,19.346404478652627,200.09135751463083,21.46373095229563,-6.488018189132527,14.672091511774116,110.2955204969592,10.835268245947223,2365477.432725486
3.453112636929393,0.051107841677502805,4.118766567242788,0.18557369964662573,-2.0486348156713055,5.927228289950422,1.4363155154675114,-0.4058697532804629,-0.24276956019998908,0.976024511075834,44.840054039358286,0.8320224866373966,0.16757449819966458,3.4377193532439647,20.91992706601083,221.27000048376186,16.518753765196916,1222914490.9709346
3.5215565973157044,1.4861449030158849,3.5858243737007385,1.6374089149344857,-1.7679117411937637,6.5030066154083705,5.873557494218509,0.9005806354580461,-7.739453766236828,-1.4027615095329002,26.472383517489057,3.165058898295211,2.2543242907442886,-0.10322387569741964,25.1858158933368,322.2802953631656,16.19288090568347,87105997877.5148
3.6358785688658255,0.4656297805030724,3.3502296604211894,1.9380759479027383,-2.1355665210768784,7.669528932244255,2.8551414178457386,-2.8899084175033276,-2.194366973121485,-0.5352351299051241,20.913387518111595,4.271740568852598,2.2247954559795846,-0.036920701071427225,34.278488963822944,597.0433748086283,24.072762067379795,774365152058994.2
3.358605905764865,-0.8647730746229425,4.1639048689234,3.2746515817579427,-2.8093141748512362,5.9753944558157155,1.0251085585600084,2.2215161830594936,3.2426392982204257,0.6564988008458352,46.869518710570425,13.176674133633936,6.847253324076181,-1.0638667481261002,21.254091833360675,227.02624738410628,15.381168867991764,1708134205.14942
3.535701387276524,0.5944150113574682,4.220089990986459,3.3133057336758602,-1.6881009981707398,9.325207662569301,2.927483957090309,0.3747999033874186,-2.337220255967661,-0.7532974849760217,49.45244238092831,13.977480159635505,6.389632816580604,-2.752478380522068,49.43260479347443,1238.2290716317345,36.72268463805071,2.9532124020728214e+21
3.4229617305458624,-1.0243761042578454,3.45563530741461,2.486598398897252,-2.08880554384548,9.928506290056246,1.0794891976281291,1.1085900665672936,1.045842178206795,-0.01926499449771088,22.458893849368792,6.6559935220678845,4.373807903169547,-0.9565416869762982,59.382998844219905,1789.9700915252101,44.13076675684826,6.1900750220407206e+25
3.602021650234578,-0.5075037598533796,4.160995494609171,2.421966943942761,-2.2669439999248846,7.17471796798187,1.442040145428687,-0.4635338318391637,-1.4138593990163473,1.4780295465533837,46.61647302371713,6.28741348052759,4.0115716159806585,-0.6901733051182327,32.11922453470827,522.3930988393491,23.305339674237175,89369468296368.0
3.3180541910872234,0.19267706242478172,3.5534506040064424,0.14587346322103523,-2.13178804278464,6.24942951756487,1.7641150033287967,-0.6470547401837982,-2.9204710690494036,0.33556754094054486,25.673678504601842,1.411152639528741,0.7374463432374352,3.6504677140517017,21.83909228006306,240.96148703024275,16.167131050634865,3066086956.248667
3.3198803153655856,0.3140912386040108,3.451818129721658,2.536342354879821,-1.9154810238489686,8.152596356868408,2.692308477885209,-0.18910843402542937,-1.0186937760406165,-0.8257283603485654,22.706631112695856,6.761254239084615,4.486099217991353,-1.0749428438083724,38.44014500497521,748.9351342212794,28.434251668734422,4.969698648681503e+16
3.355520239948274,-0.6250084310665535,3.5193395231063107,2.066128475008065,-1.2454821538006726,5.475364107031573,1.12507883081373,3.1263626335476666,-0.44739675870512985,1.7259828519768525,24.633795642830325,4.34776796750147,2.9593621190910606,-1.1209984256225507,16.602788921230808,138.04088757739612,12.351872415844232,16311225.093655076
3.2264044682833366,0.6127540239192703,3.358865438256034,2.0811752269746817,-1.8243200179286547,5.892411594544533,2.9391685435880444,0.2055039913498783,-2.56384435550297,-2.0866117934708894,21.3479739024757,3.9082328129495405,3.486981813557904,-0.5858091196336443,18.757997025851992,178.68833310822274,14.161789393705263,140760814.29668942
3.645146136174091,-1.9415862831764168,2.9785195096085335,3.3065954618228584,-1.1394785943764525,6.240969148753497,0.477954672664807,-3.0061655404080145,-0.4655552981759241,-0.39185320255424927,14.598474329896202,13.038580595110691,6.983633464197056,-3.3726026059684733,23.848147936686434,288.21818005740226,18.6137583308261,22861580305.815292
3.3286540195244854,-1.395512922369084,3.2875292381820254,1.424243721046498,-2.796945617620347,5.550621394711273,0.9575044050478999,1.4706717094959032,-1.410697011462497,2.412999715796899,19.146969956519193,2.4224450060898928,1.7937162465857783,1.9199877120062516,17.898659288367586,164.02634716674467,13.021786789141883,59604106.2818253
3.494508240552183,0.3643967782804582,3.1324470747969295,4.634574621082912,-1.2547409460748615,5.353942917745315,2.7419228723845586,1.3371942933587777,-3.3575547792341975,-0.7366763221773819,16.151574291935546,49.366098288044945,12.534452028528968,-5.993414862331932,15.270413875737752,119.45358330692868,10.798867710578941,4303612.706947222
3.150930875707034,-0.2047927616179192,4.24253089475225,1.2109330614014426,-1.5733738362716116,6.239850909651155,1.3294503258363077,-2.367430820828107,-1.6207964616252812,0.32059696097388385,50.18967487505991,1.820806054775351,1.1116761790686924,0.7075215225289817,24.657090242256707,304.995259342095,17.924838617736846,51336402065.14904
3.2051654281189608,-0.5268746163280779,4.489503515113914,2.883813301673888,-1.827704826329474,6.197165063772196,1.6461370264526414,0.31437888900958544,-4.3227924131079725,-0.6955733210229413,64.30858643389551,9.206890817221787,4.966086158070246,-1.5850163712546266,22.51165508619402,257.35789333586996,16.07370587301424,6007237144.0970955
3.3543137898167723,0.7277875943790163,4.528145535839026,5.272320245058393,-2.2812406436876915,5.533917125080964,2.963672181287423,2.7551482855653537,-2.56425128782588,-3.0687876407438726,66.47932914043919,93.51583259541198,16.635395860505625,-6.1081512937179,14.051936375410726,99.0867108588329,10.2408003925558,1272327.8653012523
3.390307299711411,-0.6125868127046956,3.4485212499945637,1.0594040835141898,-1.631868194591791,7.619203162970259,1.2324267973998304,-0.5256997580567325,-0.5311952302718368,0.5700040940721978,22.305376869811596,1.6575084686341117,1.5413394938803746,1.511696762978708,34.51815426202154,604.524237073935,25.464226526862486,984081612577886.2
3.2254535896660292,-0.6253647029799368,4.188514705293473,2.4471515488261986,-2.057450179380483,8.054568561145635,1.5488147571796098,7.6325837225480875,-2.0526554450025127,-2.3239890826666185,47.61688589002848,6.305658239546695,4.277550034737467,-0.4472772972700081,38.327840560363185,744.4268799889779,28.282616568993195,4.441778057096334e+16
3.5159746634469475,-2.3491259427891693,4.374102100002323,2.834735115654009,-1.977058127146689,6.1003648027753865,0.870654656016613,0.6523965196696823,-1.421923031910254,1.8178191022373886,57.1523054891633,8.693747941989814,5.491333759326865,-1.7950199582456265,21.87652130672541,242.3023264502029,17.5585684407012,3183022292.6530266
3.2920924858795875,0.7835221758990503,3.9662614514930263,3.0150624415555263,-1.1224324898599674,6.150665229510394,3.1741917115816496,0.35438155867482884,-3.89193222709587,-0.7645992352116184,38.3353628698907,9.88520946218288,6.011754833266158,-3.317906292938475,23.209648533506858,274.00747871822057,17.45515208878856,12072840970.259111
3.477232056846285,0.3506933358078512,4.135451817904332,3.063258479758466,-2.031154826654907,6.394793140190484,2.523679455793454,-0.053072583639844045,-2.867970921626048,-1.0767064000180344,45.46781690635761,10.669117670698274,5.569412571667736,-1.776267904444815,21.680240673191104,237.82826033910973,14.917479892940845,2615749089.190067
3.3384373456291194,0.5019345103143186,4.071379104044701,2.8705071046274804,-2.714387369808824,7.517621887566102,3.1352279971267545,-0.21123073496659373,-2.0794973982106293,-0.5723913508155761,42.76951468571722,8.607211778897868,4.788886054584035,-0.9518893792678688,32.65051048124201,539.9562051568932,24.4440310443187,152028051391108.0
3.3871722569815237,0.33904534792143504,3.6837166631303684,2.8374615768065157,-1.6260056842110149,5.734636385383408,2.1037510764797807,-0.9899975653479468,-3.290146696487739,-1.2962838483924768,28.320372185822126,9.052837616609416,5.092583604204799,-2.243451193662193,17.875929566520103,162.03775282403822,12.43609869200736,58264583.62134988
3.3831725203699445,0.6584134288343215,3.209324366576934,5.141157483397056,-2.5214799951354783,5.541671046588665,2.536704149430056,0.2735888203509293,-2.1445038615606347,-0.1691456653654504,18.120275133937216,81.4614527993943,15.43270700927186,-5.322988345770695,17.41076229923202,151.74053161220363,13.520035611373398,36591748.95446459
3.5038976304993,2.279584808128651,3.738629931695466,2.409257701763912,-2.2814116634852066,6.1444769693568375,13.396864244038612,-0.37714353900415576,-14.843242728218605,-5.313886447397098,30.078986557743328,5.832441480334396,4.164971342635068,-0.5490426638417438,22.18342094226083,249.46441733171181,15.748104899149412,4326378375.339574
3.286077038940493,-1.0412788354401719,3.747193903348353,1.469782437035933,-2.4113552266260427,6.403290046350964,1.175206347910361,-0.506656137370173,-0.6864075089166526,0.844078103850583,30.66592594617466,2.3576046196170592,1.94632647721857,1.5795177503827755,23.735696671844895,286.1781416377548,17.309834535802583,20430043177.51273
3.3642374803846424,-0.34720341592996523,3.249357909878406,2.717923578734722,-1.4894813569185956,5.452330710352499,0.9481588967292042,3.1752555831729508,-1.1816346852216373,0.18603694433208884,19.00799295348796,7.2915588888766365,5.163505203566581,-2.0183307892788593,17.12548015046407,149.323225536119,11.855788009797447,27509867.355629727
3.244393154505107,-2.9061048293004874,3.4099983325098977,2.578284413528005,-2.022254432554639,7.009211722792129,0.5905446430952122,0.565926816155497,0.23083187323187937,2.3678824981852418,22.27541362749083,6.589207987649816,3.9320961815843303,-0.784197054783047,28.59856429724171,413.8978595544557,19.198837389030412,2643539842463.543
3.292285795957161,0.537198107348843,4.1014589832734085,4.355236199464351,-2.1414345103972674,4.88114288220995,2.6279820007478767,0.6099986208861261,-1.6387269503722492,-0.5797375357454186,43.73573967459179,37.54148617971023,11.60581501692536,-4.524437651426942,11.852635502408852,70.58726832370353,8.529723200657992,141022.14936606432
3.351291248314811,-3.4150722066742545,4.525951837107866,3.050409360732929,-2.3520048719228637,6.7424372609491225,0.18499102623340424,4.038162598809961,-0.06350570875828111,-0.24528636210663324,67.19020108348249,10.969078535290203,6.363856866095066,-1.2954491553433902,27.638569813684736,387.80497747284056,19.584843608850164,1012198183173.0615
3.4993565881487947,3.1851878545527383,4.631209526514529,3.0836636031760043,-2.808989404026713,10.151226314810675,32.535156716929535,2.447495006971474,-34.24383663768103,-12.632780421196397,74.02830916330795,11.374544115526923,5.6119215928281125,-0.659525574787941,60.172140897882876,1836.162276542168,42.77679482661063,1.3627492507698898e+26
3.446670858535837,-2.387323144959875,3.320761898065949,2.9381709016300874,-0.9886490856746875,5.4382195569090355,0.9042823372075284,2.2011080276560993,-0.5152657608782241,-0.631204522196985,19.68809248408293,9.581129044643156,5.894711709148533,-3.460924474972017,17.022065535878298,148.00795187898962,12.479707636117253,24807100.30050405
3.436229024646369,-1.0383501432289197,4.24229516193952,2.81480605349488,-2.027052847932546,7.754067589493554,1.1483580045932267,0.6687629752049851,-0.5350808403920637,-1.6918279516715864,49.866733000282316,8.201238761011005,4.8213946312749965,-1.6001571887574795,34.43238475505369,600.2810853471623,24.908348233271454,903195767092043.2
3.2290898055882944,-0.28412532787876676,3.846378290689368,3.1652265499612136,-1.96465655583737,10.615013359606468,1.2780251689878928,-0.20552293794092902,-0.10097930278848521,1.6073648997871295,33.99700560541778,11.438960005323128,6.7205987742963345,-1.8784490068198734,67.0697493545654,2283.153741452302,47.84102119206983,1.3489915925780806e+29
3.2813566582805462,0.812048642025464,3.9151660165294286,3.758033701240715,-2.86809896627415,6.893273053977995,3.068015881246119,-0.3268139495260022,-3.359405890537812,-0.4363023015306027,36.134083336141195,20.97380835218369,8.973710835039814,-1.799988529328269,27.373431728285258,379.9163725600836,18.02476803872831,776457243847.089
3.4511016792374214,-0.7019685815351234,3.0828396173939394,1.6085773750087444,-2.209854884292368,5.6031183615532445,1.534427271456948,0.49725336496814687,-1.2387962713916374,-0.13544576812935688,15.800378351161461,3.0535866601072637,1.536719974961839,0.5537321610386314,17.825748731261417,160.35748474681148,11.404116362257309,55412974.566984795
3.6026536117154926,-0.9796559916390997,3.98992757401899,3.6206522470479676,-2.0435013708392393,4.718123565154494,1.136720574873137,0.12116672523012881,-1.0597324052312787,-2.1817469729631247,38.67714906065292,18.337444818334916,7.658037595896597,-2.6843755943667573,13.492876684920978,89.82956356824434,8.589897220806282,727521.2144249865
3.366978003143144,1.2424732638994578,4.324500293163118,2.262526927268782,-2.4600845631204917,9.621274600275584,4.868676777279047,0.7230249218038307,-5.245901803331304,-1.9993076536837981,55.05950728021422,4.661342006860675,3.611608497708674,-0.21244210150615822,55.94207386984192,1588.260277794307,38.47863612514164,1.982993011085074e+24
3.219219687284146,1.292329125367406,3.960252621442484,0.42052415747125105,-2.020869714694375,6.250071730583639,5.152624641641023,-1.0310070709820147,-3.695454829080566,-1.93574196565498,37.917504864843906,1.31403880984355,0.43001597105046885,3.2424244284132113,22.727682998189305,261.9776342775117,17.260588758137956,7455804459.140256
3.187177336193573,0.41187172416010037,4.238248390361913,3.482235771971821,-2.2223718237787944,6.659939415905888,2.720247774427383,2.6349327166389176,1.7829537490833034,-1.5619692526442601,50.158719476434555,15.806316220037456,7.452745328718914,-2.5312754582965256,27.44184194163793,382.37131089156856,21.512370529171605,831433892685.2766
3.3273836927080565,1.1792011914809148,4.231124689725882,2.340044103395664,-2.543641277484232,6.331877770911529,4.297239497453595,1.8327209549896009,-4.447501634220813,-1.6653400842167836,49.690126940765836,5.570934062533554,3.763806963566868,-0.34671836076281587,23.41364646941382,277.14306635811533,16.088288057274145,14804872045.376987
3.229063322827691,0.11040334659588928,4.568979120019164,-1.2598852843213413,-2.625973209823709,7.546233238742412,1.8251227324248291,1.1976769084451722,-0.3641857530917483,0.5000642293840709,69.26810906253452,0.5912777784728261,1.2677607751136746,7.096744993516193,32.53261254794175,536.5484396914552,24.85920402179628,135120519760827.45
3.3810625021393585,0.4629348313123926,3.8581739213836834,2.391359684580933,-2.5581583064763445,7.0782646986887645,2.8133142335532817,-0.02331971151893065,-1.6456736734449644,-1.2512927548544681,34.013858635781176,5.397611733708717,4.217869602832503,-0.3455481918017431,29.217733661785413,431.3428926711671,19.663599291030252,4910070170190.969
3.3993369839770886,-0.4215059878569122,3.582973284889373,2.4964247672690227,-1.8561778941350384,8.101266967649394,1.6155873751112417,-0.2937143935372571,-1.6148764706004175,0.21888921810700984,26.14923313426323,6.034341382655518,3.7190157033036204,-1.161140577938709,38.1081025918006,735.9136892589698,27.672647390260288,3.5655445495652596e+16
3.2073597607453936,-0.4284974671516342,3.664645461924848,1.5719038717329386,-1.796571692159904,6.530338855901764,1.1272967956496969,0.7806197609988305,-2.7900065779735903,-0.4142956379205194,27.849233101948787,2.491175968734299,2.1489719913864076,0.3093688603132212,24.450477382009197,303.28169206960956,18.419084324083496,41753665010.63649
3.5189660372835694,0.9244211686028059,4.3794799980803445,1.3133457707730685,-2.2938091883619576,7.024677043768737,3.43232629361734,-1.4185949936026425,-3.8899144796532963,-1.3825158654428664,57.83794215508608,2.559666393254215,1.7929192364042148,1.363903086972385,28.08883157963318,401.1425595781828,20.36847380438348,1587858337679.5632
3.265812064086057,-0.05738963671305873,4.163619761126913,2.34384738126584,-2.765356617414118,7.327787509131172,2.05460723437449,-3.698557647602358,0.7166978099071066,-0.050456502213522714,46.68261171850396,5.816679169602935,3.9720397774354663,0.3369925073594907,32.78624279752883,545.4660134635733,23.950446275898514,174129168015910.66
3.419747729697135,0.6437828711683689,4.164306070171515,2.5235149313449075,-0.8160311362350772,5.494591586756913,3.0781884995775357,0.6830978404651028,-2.5898500988363327,-2.398446894976881,46.65545517399767,6.7077121790963785,3.843727844913599,-2.822733328639888,18.569344297599606,175.5047760457519,12.9864717342444,116560367.34444754
3.5331996633141616,-1.2383771550050144,4.412127764612595,2.1160966753831767,-1.575958903014188,4.875706799851393,0.6212301494004846,0.15590412840132611,-0.002651523837750358,-0.15606108735482438,59.840673362318384,4.4385618971649095,3.3426096423896863,-0.9745568279094714,11.88235499532571,75.33415935119594,9.059553778509741,145344.66525318075
3.5466233237832694,-2.1201216236712823,4.028227413435335,5.560397179723765,-1.4485329664771056,5.79035716084364,0.31586728095682737,-2.72741169272285,-0.921103463917408,0.8513089041024238,40.70952641193278,124.35701135747938,18.180057511282996,-7.0630183436997305,19.449802058211493,192.09368116754578,14.771687819711588,281143795.5823549
3.38204868665203,-1.2769160901043795,3.228228858050251,2.2247595982921973,-1.1113902466586925,6.158438628349814,1.209464415158872,-0.46509038487380644,0.7981421210676911,0.9810879562063676,18.357862748223948,4.74010605709876,3.7933992363301416,-2.1351939483052633,23.12946313079494,269.9772418046104,17.83282925555998,11142570802.657001
3.535443592348461,0.9735827964744816,3.899494964530011,2.487512305816802,-2.6215157824792388,6.101961725178772,4.388237532995119,0.23560286081916149,-5.6115161510263825,-3.1755883342027404,35.470610869476744,6.112973265831827,4.42363829772183,-0.18610491398281825,21.983056605751674,245.32794704453696,17.32558110588435,3540848731.104096
3.7714815484398305,-0.3953845612945295,4.234516361008449,1.9050787795608595,-0.9893728163793667,6.309233856322561,1.7883661141140546,-0.9367640071207162,-1.8067974671795402,0.04241913682870807,50.12417908640347,3.628739265408818,2.701167661685297,-1.0681860616887389,23.62580050449653,281.4023036415158,17.20445843100349,18303830490.074097
3.1913785498157035,1.3825030284122013,4.391272381634513,2.2424685585598128,-1.9827894887536168,5.531265482050432,6.11576045883521,1.0450457519471255,-5.205693003982677,-4.87377367455427,58.610633180841404,4.772351499052239,3.2844425218875517,-0.9433253996866574,16.133886976010803,132.4849619023613,12.053244744854505,10205746.962566655
3.598257967333994,-0.03317912831289581,4.515913091654534,2.5008741693877314,-1.4407317528409755,7.276246902849932,1.3682184171258593,0.17348880492053154,-1.2535611465140588,3.250166651872985,65.68513042915805,6.803709100033552,4.161407100890976,-1.7387937950816097,31.148013777383447,492.29050323559693,21.343206916813433,33837455796266.758
3.3071542730638663,0.7483999529709366,4.581788150492953,1.4288554352935103,-1.485348511572512,6.377043579616458,3.449694945807733,0.6587985223444368,-3.207983069813368,-1.2078615476565875,70.10865154125763,2.724042320934685,1.4678760369242836,0.15490106872501724,24.372433260216184,302.43535474257743,18.218664597715176,38618950835.83512
3.2697899793948375,1.697722812323456,3.0841211266890705,4.115443506702756,-2.0557628985190197,10.751598470958946,7.788194532176935,1.2546165612183027,-8.782021265807787,-4.816446279050595,15.636133327888171,30.099515608900262,10.123479045034477,-3.7312097204052326,68.43341089878493,2373.4015932441425,47.619421747038466,5.275212110574913e+29
3.7781063221016944,0.542027895301964,4.579566602268993,4.252473385003903,-2.40801611201365,7.362592629602608,3.067395949791374,2.818867286398383,-2.124481873334787,-3.8998436309417674,70.58018069793255,34.45948332548872,11.13059078484721,-3.9187611308697923,33.62943402485513,575.5456456536039,23.56879001393244,404636282644584.75
3.2187227986066027,0.5424395601784426,3.050992728301411,4.75027002847083,-1.4500696297996718,7.313712478214651,2.815220216615963,-0.6141048644317529,-0.5219739203616582,-1.9948296840215496,15.424375772410752,55.46011397976383,13.865424528106395,-6.4641462031531915,30.372835169266203,467.97956577709596,20.702052293824654,15586259743485.883
3.2796051024087416,0.9367125700551963,4.070682614752323,2.8998947241156694,-2.4794605929282554,5.904639917273283,4.090503334331084,-0.5800413897783168,-3.746280082907786,-1.5107784847297192,42.63545738396017,8.696838809901783,5.333556834747203,-1.310511750922116,21.2033636403265,230.2802607265462,15.22882111136896,1623644767.7863286
3.443847812194885,1.2484164638577406,4.044021214686318,2.4844736334618887,-1.1000180088710039,6.782579751468982,5.522592523960672,0.31408414372301585,-5.348228263931867,-3.4848484811754856,41.3636266233162,5.9896172495633175,3.9253676175196164,-2.2968508457966967,26.275717211150564,349.740633769894,19.39187063984784,259051546021.35336
3.3813511159788807,-0.6286609750988498,4.191645334117556,2.670594842529588,-2.068574039559598,6.451903423480365,1.477435180149898,0.4858921977327379,1.39135931514193,0.17581013495080572,47.50544731902579,7.16097966160234,4.233455445153625,-0.9830246630731538,23.44980144470878,278.85060856418954,13.968973840431147,15349935836.388617
3.1706539546370167,1.4862701102603855,3.2922109186616964,3.2721780953699793,-0.8971260329493007,5.963997600605235,5.92576834554674,0.5059691480301185,-6.757893029490551,-2.9491825916935936,19.722570156462524,12.961215659161658,6.48633828080236,-4.110404936695224,19.873418166497245,202.4333541499095,14.503120937015966,429440512.76667285
3.524806751906718,0.5162580229520489,4.39601336876513,2.8248764263615485,-1.3685292916417862,7.8602339812033915,2.406527478256362,0.9925825267102957,-1.4940690582092615,-0.21093398360108528,58.05887318493538,8.787250564931272,4.931394781885863,-2.2133928239006178,36.32990216779247,669.8693332974103,27.144379384353734,6023698623902367.0
3.7416800124300007,0.440242824897947,4.194427240389014,1.1184529325848067,-2.3235487830406663,9.191254016537847,2.2918459186803606,0.3322806196016118,-1.694655283131311,0.7368082035901588,47.422307416490824,2.004429418190711,1.6564005495492493,2.448084195261142,49.04162824159669,1220.5641278837693,36.700257327150034,1.9975411033700518e+21
3.2873230689466424,-0.3532595297028837,3.6751193495801124,1.5182452706442238,-2.4100791768348677,8.312241111845688,0.9494833939592164,-0.22818677064396986,-1.432083429205525,-0.006215393699091243,28.313062731718095,2.7962082933490815,2.147158249718483,1.0914390189936174,38.7339370018252,763.6407795733664,25.740424346684627,6.666874777689656e+16
3.353423489147991,0.5019189752994104,3.047344667928085,-1.0241735172903388,-1.9338645753339125,5.404364742897408,2.8730875487026966,-0.36347055261009964,-2.189698086971198,-0.9125473963575272,14.81572286696606,0.641172398115853,0.8482329035731232,5.357259133973866,16.918082695026694,144.9960338289789,11.507543440727282,22357380.499303017
3.447870587426104,1.2157028755977834,4.685588365749943,1.646431182568131,-2.2188166294763656,5.472840241369079,5.339973938541926,-0.2353657229642916,-4.096896934847372,-0.9783623122998611,77.90253751563435,2.950107542051754,1.61596321605611,1.033094139987052,17.73230334166585,159.2913841526873,12.760325505693388,50469459.132977
3.384825212795242,0.5951544240945557,4.5876290282300625,1.157713958775432,-1.5034357284095152,6.272425143452851,2.5102423070427107,-0.09681984700690925,-2.831858164434324,1.3870207429353378,71.3463470038719,2.0787439841646353,0.8041646636986064,1.0155229013841263,23.202818277403143,271.88988229717995,17.627572409533737,11990661367.298656
3.662697625841181,-0.7794249880424672,3.4607850247306478,2.3832755824431198,-1.9767696564079422,5.927019936478197,0.8686882608786309,-2.3323941708590272,-2.7922696523184714,0.12872848740365733,23.299500552927924,5.742170440721548,4.153837250152364,-0.3103718761462625,20.735669777057943,218.1002045457788,15.253457898841837,1017124588.8291965
3.4355475993751114,-0.9504532322871115,4.184946538441444,2.15434405492741,-1.4796275685241533,5.492018269350909,1.2814472354200552,1.0436025200077308,3.4512026155261855,-0.5830146762397401,47.7550538398932,4.987763488596133,3.1109170550573477,-1.4798468649084318,16.88762737665552,143.56289999525603,13.62540120848188,21686551.61506642
3.2587201899493894,0.9403141486319483,4.3004255615636815,4.183517154596571,-1.1487058599400721,4.672272978019611,3.9877950026122377,-1.285379000361016,-3.6479888635931856,-2.54104794528305,53.36052431917706,31.704844106393598,10.16360928749192,-5.061951813178641,11.830184629954386,73.64153449395167,9.647739045673797,137898.99347401425
3.2027713786412715,1.2697115024212506,4.083178726867904,2.763549007571914,-0.9896009022446237,6.3409961964449835,4.845464237984072,-0.5654621055067344,-7.852281639620282,-2.78328964478012,42.92435942550185,8.066387518528314,5.366600682924283,-3.1876592066189526,22.233181495080096,252.21348530574414,16.338203561555176,4547107613.580555
3.206314520051514,-0.6962640702899795,4.657417817353116,1.171629628823705,-2.458906895899154,8.288046744238436,1.4107336816642084,1.0765537199917192,-4.021807319879189,-0.9993265485697764,75.96885820439735,2.4246025718435784,1.6433656864450021,2.2430631076871768,40.084449195339964,814.8375519470105,28.676965828723656,2.5730148418097862e+17
3.558379358207245,-0.20341296600819642,4.132115620078877,2.2840602041761175,-2.3395272032348644,6.731993348057882,1.9171673893121928,0.5146406670039496,-2.927602255400801,1.871446564298471,45.168551262995976,5.123925985941451,3.9679329378302484,-0.058552700886621345,25.942102467697868,340.7516680168195,16.244568258136443,185566316194.6715
3.393713421054149,-0.21127461067199557,3.1661422712007923,3.1101366826793204,-2.8768787573704033,8.804179215834395,1.2800532593005627,0.04574367219819377,-0.6482546340288071,-2.278693606257094,16.99665535579753,10.961200847274895,5.978376690025847,-1.3022873691643557,43.88242910961692,975.0296826783884,32.066103454939096,1.147847018489031e+19
3.443449455115937,0.6953468323545189,3.685388205213127,4.091520408210319,-2.4220868387310652,6.8593638941703166,3.5162883839817356,1.2155007653820438,-1.7948332652253018,-0.6871259158327452,28.880474557292835,28.88795589184781,10.244292143943262,-3.7429439249958296,28.179899285366197,402.7097999147223,19.40424059624458,1739249775137.0757
3.2450483941445314,0.8710401918154376,3.070833777330174,2.2480513477001085,-1.986529727005224,5.218336702583642,3.9161613962452257,1.483632602818839,-3.1434218237265465,-0.9953330374439329,15.69812254842719,5.112163486351929,3.868453251642427,-0.7599604510924742,16.85099025026158,142.26007482180592,12.297915972066681,20906391.231019337
3.2389308191711077,0.483353945235268,3.7195286204986253,2.9108188404876203,-2.892497317465802,5.356219198802597,2.6339319368930703,1.1474762192258245,-2.4043425032660535,-0.7703898169305595,29.428486980226108,9.379836199795749,5.107654166156779,-0.025358277499335613,17.785071877303423,160.1141625237289,13.85962575447493,53204165.11211215
3.569852958633135,1.1465535729914909,4.681714260810502,7.491944954284545,-1.635215006647673,7.381628029003657,4.3507549742772005,1.2627136214992505,-5.290359363911497,-1.2624493470261906,77.44789010793406,854.5086776208864,33.048184937048,-10.92400179986076,28.159764629768038,403.23696640157806,18.583997137920274,1704580773610.6619
3.5995768747087573,-0.8832756641443379,3.406147593548581,3.4199164301331253,-2.4026732757625573,6.01258305043896,0.6291906065256867,-0.6367359807624245,-0.5492337558674716,2.3465889417960013,21.50633775498463,15.203334573023927,7.259175593740306,-1.8706598068301066,21.388152842843674,232.8058615916926,16.3297596489573,1953187546.042521
3.498989761777868,2.75065036323698,3.1655636747989995,4.674151732175881,-2.2607929687632584,5.598550313699566,20.91702918683971,2.2078352127950684,-22.597885456047596,-7.580538496785735,16.82350652107029,51.787937518120735,12.810402434133879,-4.44498106110344,19.374213856458073,189.3275355761562,13.65580709996831,260676075.8787703
3.2373231904105912,0.7979281525171434,4.221677739738027,1.8316625415627703,-0.8262065391110842,6.89097672949387,3.5663739691807272,1.3030478693635184,-1.5025644460660015,-0.8890103895655197,48.888041307480776,3.791000994363465,2.0372855702525,-1.5374651737033074,27.204874101217417,376.39517069775906,19.335096559741398,656015194738.1194
3.3089540276458638,-1.3026779288094155,3.985290694203392,0.5932449454757156,-2.8098814839440744,4.647042467818591,0.8904806821919523,3.143502824797187,-0.41610473133986653,-1.68507751378417,39.31836475716972,1.530260737756426,0.6312058737498875,3.658843406383105,12.982522399711677,85.7926922590785,10.820335415653664,436775.9785506505
3.2990916376606743,0.8771904394265078,4.605099653824105,3.173883992632165,-1.9438673419976795,6.806429350079954,4.127670035553706,1.6077324388743355,-1.2321261694137817,-0.8132396145006698,71.91136471170225,12.003327453458073,6.526393511535982,-2.6820887853219095,27.976537879946104,396.5354684211836,20.220937264455074,1419198749060.1606
3.267911033987848,1.357687406853221,3.7500163129702466,2.690341118511002,-1.503982114314347,7.353950134249175,5.242759807641301,0.6006146357584892,-5.2811835415540385,-2.8511829168065406,30.398428370925984,7.865925300532802,4.4287830570102305,-1.5757278444623535,31.225840510833475,495.5499831099786,23.188215021252788,36576102208979.27
3.410830875903119,-0.3866457277194469,3.1542874094074596,1.0044390386832462,-2.1363985213861896,5.330998131586624,0.9440083986895768,2.0836256404065137,-1.0385766382953077,0.41169174987572515,16.712935293042346,2.1342482834311407,1.3992102536213196,2.081098540194498,19.696165166373632,196.5789433285289,16.81296397254068,359685596.8701341
3.1647410595634264,-0.8316681712616407,3.273219323882424,3.1135899925564248,-2.4633930437851133,5.3781893398841465,1.3264338325851956,-0.3232118508683746,-0.24469110733153066,-0.6002330794556698,19.31982602748453,11.296148537030286,6.244913703901842,-1.0342322997244007,17.304864116026778,151.95645730595157,11.366832400976799,32915000.67952081
3.340884695803489,0.5521914109195897,3.421026503847685,3.1542405987983027,-2.034064187898581,7.608675980677834,3.2623243460848075,0.46859006053038466,-1.6649783816915633,-1.1321093525221972,21.7174763116307,11.216486159571595,6.588204129192296,-1.9110184173204992,33.77398047777958,578.8635257060316,24.474865693380917,467563444173281.8
3.3198787408651618,0.42437459617684337,4.6206770768884375,4.0635203803478,-1.613141192081405,5.21040100751258,2.5997991365924813,-0.4516912848659745,-2.2764086809045065,-2.4166955507045147,73.22235479488222,28.70345085600585,9.91533075763798,-4.038066066114675,14.590627026398197,107.68416062177612,11.943664952150119,2180742.5303745256
3.4938269884410396,1.2129849250444882,3.793060672144331,1.8998145425051254,-2.462729877686935,8.570013880630105,4.842566892876053,0.7252360195991923,-4.771904124583749,-1.2146164993247877,32.209006936076854,3.538920883845569,2.38006584637801,0.33063213960799703,42.62798418120814,922.4089762758256,28.321477404951665,3.2740514529447885e+18
3.1446651546189663,0.05269971215369585,4.044133963925985,0.7479699835921572,-1.2187630990315463,7.476318320910924,1.6466042876107496,-0.7219251929624133,-2.230063131163754,3.962019646337896,41.784209150420445,1.6015088228733356,0.8597528910871759,1.5963926489924196,30.97217731679306,487.8494470880814,22.7079614924879,28381340029215.79
3.426238869292211,-0.5114017700989473,3.4005194619621077,2.5929076000649256,-1.3170341933171577,7.1509972201815515,1.0616291521300785,0.47263012139411065,0.10750250521047466,1.2305663816304868,21.54411857681931,6.902682002161882,4.426869799737263,-2.1006430276024575,30.705442970777778,476.5081854769612,20.989790987768387,21736601440314.836
3.4887164333743073,-0.8925396644286637,4.2554329686323795,5.94577698180024,-2.7296112752692565,8.349671229735666,0.8492353556236236,-1.276427151217412,-0.5942830289372997,-0.13839702545011429,51.095775453309194,182.92375666727006,20.962885502358994,-6.500791232849966,39.644532727705965,796.5893829370699,28.37141381790498,1.6572536986537757e+17
3.6215361214340676,-0.7344485012674742,3.865260263674697,4.174064100015913,-2.41966758986884,6.702958587294088,0.8626860344774268,-0.062155989921750074,-0.8798463275227809,0.7860512641687657,33.912993572862135,31.80370080662543,10.630061187145044,-3.7321358493219003,26.12258586602325,345.08537977162985,19.788412958262498,222270634986.1036
3.36532730897977,-1.1405103106430787,4.212350643179865,2.3103850870397773,-1.6092971620069019,5.840814687377984,0.9853389447005341,1.168297468252059,-0.26099579057945144,-0.08899077920690356,48.74440057761768,5.350049703120871,3.6224567852444878,-0.8844092580301178,20.32929407926128,209.2405457345735,15.416044815465387,677465882.5518878
3.505493452015946,1.1418618477864158,4.4743557113769175,-1.1358611475885505,-2.130671066215244,6.5943527251818335,4.668171564232603,2.812521044358136,-4.212530751211025,-3.4877431655721027,63.481513420558514,0.31948404390459817,1.6193324267796905,5.8367039511343926,23.02824463455621,271.26181323861863,15.126133195365908,10069937660.101175
3.474313483254769,-1.798144625870386,3.464410499386463,6.198850211270201,-2.6432211621905726,6.645550935219342,0.41932159901363775,0.7163398056761953,-1.5869091672526647,0.029010168572465342,22.65756672522853,234.71719155227828,22.471421840475976,-6.6563028317306365,25.577988790033114,331.1845210868851,17.92128224987801,128933740956.11545
3.3760005703774,0.8902629514285103,4.229914678856047,2.4357653897388447,-2.3523442543379893,6.093875784382064,3.4287498270992898,0.39972286659357725,-4.197941955145774,-2.8828563169160892,50.098498557795025,6.142623020869074,3.486519457323978,0.08266929443788473,22.40134473875503,256.33040572826644,15.444486525419563,5379818228.490482
3.4009738219029466,0.5179899361175101,3.8037646639544453,-7.571456590500151,-1.8966738820975704,7.368406638709552,2.8874839381937543,0.8440464437921019,-3.1252399312896793,-3.1923462060431462,32.01987338811609,0.14942681408906625,33.05984542218836,17.412146908109904,30.44497024937669,470.8371625068262,22.65467077892626,16752153767148.912
3.6038601824222654,0.10819636487851825,3.3264608041883155,4.322992793924301,-2.697255979376596,6.654192830507569,1.6446370231986314,1.7906242429098111,-0.8321846042022063,-0.3773737246747721,19.96507494080116,36.803320671211935,11.437056505186534,-3.554506634333008,25.282068119545368,324.18011401710265,17.524241825035805,95906903808.35965
3.285840741073942,-0.3005412026182195,3.8271424498265305,2.5414545384780083,-1.1580193896359974,5.814630303217444,1.502831717688169,0.6640705027823557,-1.1196424597956327,0.13446902618662743,32.76822332457827,6.093885648660831,4.09394223491927,-1.9440511504659543,20.89004097299611,220.98638227299034,13.016088834592352,1186907057.9142973
3.560112030486036,0.21932381536574438,4.6548293638311735,-0.5302297156754432,-0.7233362715195826,8.594725136362268,2.1470228414120744,0.501657493328672,-1.559010792572505,-1.0097321648346045,75.69940366475954,0.9974293935640182,1.045543231277569,2.735987072600206,42.10693100560684,898.8427798330898,30.62958627537158,1.9444419463257193e+18
3.4994525385850372,-0.703834313002521,4.664290434692882,3.115667877158446,-2.037351933270512,6.036196533240725,1.1776996582598698,-0.10082982651295734,-0.5208344009425375,1.2184331188906985,76.44905876109748,10.756905052213806,5.849184209306537,-2.2509443743461324,23.172546160436408,272.0036936576651,16.807289961459183,11633117747.937231
3.409765251817371,0.9366898675368405,3.6125863651979704,2.577714898460764,-1.7350301115592173,6.257580013630571,4.204116375155326,-0.22800318445988257,-4.297981314027727,-2.1067487086665304,26.88490146032738,6.383480630292078,4.691623226116069,-1.6923328897527057,22.83285178447984,265.8569411663886,18.220051295988558,8282638964.259758
3.34158161553761,-0.057740940544025114,3.0751084804713993,2.7914178271261965,-2.258965042829723,7.737808026418703,1.875769092074044,0.5597627351334777,-1.9942645445279417,-0.2260661980955424,16.01588166354548,8.566035568783688,4.70222073358004,-1.2918127822318808,37.916869687408955,729.7740997799563,26.736715158203456,2.9449265806878384e+16
3.328729528124115,0.23672536752820714,3.528261240063866,3.2711066129619617,-2.0980231968318988,4.830236151610012,1.6641108718277904,1.5117670303683188,-1.1543738622847297,-1.7302216383432993,24.48198596338252,13.045691717390103,6.995169430380637,-2.1239712462401306,14.139783137765104,100.48251629872811,10.001083293592224,1389340.8594766746
3.4111807725486454,0.45924327502842244,4.272402154917539,2.903351392364627,-1.6449337809132565,4.626643679074234,2.9221351900926864,-1.2981926619416237,-1.8666638645420541,-0.8007120721285271,51.42429583542324,9.61206651374852,5.136790166455055,-2.6242740527303887,13.163413417104238,88.28509964740174,9.551727940483573,523322.2725551253
3.1982114808859774,0.6410438472442029,3.075831650823572,3.8651123513995915,-2.572838692031578,8.296621478738897,3.085295827942333,0.7138244786570666,-2.906715805882635,-2.732110228149897,15.551395312793394,22.964642023548354,9.398714481219935,-2.4234733914457887,41.053071098850566,855.2271652703581,29.339432030669045,6.778122899122661e+17
3.3452007594440962,2.3384508627227434,4.06086248298398,2.183031963647473,-1.865624524743848,6.6002620090026305,13.797585206393851,1.4741366676022363,-15.144010159219055,-5.021543379586944,41.623874711367755,4.661396510267005,3.3379009855382025,-0.445228796850448,26.606113683426347,358.2221149978933,15.953327270022218,360475334297.46484
3.3481062492256486,-0.5037193309501102,3.374791776858122,2.7682248029601535,-2.180566914992711,6.492831116736351,1.4023730586446224,0.7090895922382144,-0.22844873533807863,0.015665745289336508,21.42274849677133,8.244990924952374,4.829988946672261,-1.6632047731026964,23.770026532372547,286.5869148698173,16.968018968415418,21143581448.844852
3.365878341677244,-0.636071303480766,3.6832405840817475,1.2336174145051881,-1.7722048480252006,7.493586353464759,1.264695995139666,0.6744212980142588,1.447003273073583,-0.6327751456910579,29.01829252903223,1.9509810460628136,1.1636713562197851,1.1346164998934536,33.9883833128099,585.7441349199805,23.011067650666504,579368017236632.1
3.2199207183433898,-1.33582678992057,4.085516035054827,2.6325993442253806,-1.3437614828241984,6.540059459618298,1.2647728262032847,0.5124455967805878,0.7041657944181801,-0.5607253257256344,42.70525014583959,7.331505214476814,4.9551110800979306,-1.8125121371737398,26.990912797245723,369.0489907415882,19.672807857204518,529653303097.885
3.36905354237727,1.9797084875342223,4.125827995608437,3.3925696868115054,-2.2005260002097593,6.07829863891954,10.395355896270326,1.8945550808597713,-10.199612425372813,-2.0918577157074214,45.05051950996567,14.959360541418754,7.51311973687673,-2.408171223741,21.94800922082605,243.73181888112418,16.169969635710082,3418900678.9608345
3.335763066074837,1.0436848273673551,3.2860329258542134,1.8346854288883327,-2.3323756800880706,5.862839063082632,4.6166666833215135,1.3709595683920286,-3.8027105091229214,-1.2616134838842412,19.752736846509126,3.379265232682254,2.4763410402235904,0.73806517024992,18.815061831942472,181.57207602169478,13.775138334511738,149026912.5893911
3.775083231930706,-0.545715212429847,3.3198911082870883,0.04667368630842228,-1.0086040952290358,7.282466015311007,0.9993974484895606,0.04917520677119089,-0.916350132192665,-1.6775339173017851,19.48753305151869,0.6624808542225762,0.588718746595411,1.6872726761693593,31.882117977491987,513.5565240394823,23.831859442216082,70504218767043.12
3.564596043948292,-2.8760339162756776,4.000856963265448,4.040784968746395,-1.8926268747243706,6.55374054614178,0.2154902688551547,1.767737032142584,-1.091548104219481,-0.7164857632729752,39.68453680282987,27.735472074092097,9.761773413399748,-4.106071327810193,24.920045734368543,314.82087641620257,19.996765875310803,66776791243.34112
3.195896288547705,0.4650801303211288,4.571902630409903,4.006911921074873,-2.4860098949836793,6.008763054140432,2.856347671302666,-0.5845513073528399,-2.6961291545682387,-0.8078457001986182,69.58183225369191,27.14320834950965,9.658929305786577,-3.030418929403471,21.050515469335743,224.86671325627452,13.503443620976185,1393509352.7195187
3.190991407317603,-1.2086530876486792,3.9984342968982647,0.7908022275230204,-1.2566229283592525,5.190612016642618,0.48959770735929237,-0.07771186406572866,-3.008902475057905,0.5001452673060693,39.62749353540036,1.6676600785771156,0.6081424124944115,0.9437461287401859,17.344705778803622,151.5674396085259,12.272700194626362,34252888.70748856
3.6247315223760204,-0.6018095959881335,3.248941794511268,1.8173474700678134,-1.0896737850312834,4.995109098530396,1.612170718249606,0.10279990749119779,-0.833310854415138,0.5518260277235025,18.66137172225864,3.781785754144442,2.2555862633220283,-0.9689424356472279,14.09108825358145,100.6551753098509,9.785675525631971,1323328.5409212247
3.3883271002972686,0.3974262729749006,3.809356128757699,2.359749890581619,-2.4450996028933725,6.644992987422311,2.4753227220689498,-0.45580132738408663,-2.0643311085318063,0.2511047196408194,32.34467897938502,5.047444147947207,3.417537418560621,0.40604013760004964,27.604644778427453,386.56202309147665,22.54366713589373,978435266308.7479
3.1920481478501386,2.2532003172528263,3.668006971669215,1.4835924859639604,-2.029320345701138,6.750091995523523,12.782230084589264,-0.5709827302140499,-13.151294286306268,-5.300797000966963,28.064608714880528,2.6915312137871332,1.8436792508593958,1.318952836369833,26.744344631904283,363.52024797730115,19.108768578329528,413912451671.7764
3.4753822627299056,0.17236786606957122,4.577690610135206,1.4753641774342579,-1.398683860129819,5.014463152328579,1.70217620668687,0.180035385251699,-2.374291206976861,-0.9600909506120848,69.74513115522544,2.7691326059074957,2.062968142242997,-0.024644546377227794,14.040216488009841,99.75402548535814,10.391358661787654,1257692.983013435
3.3134054265073836,-0.24528416724778257,3.398649264370164,2.7382052593915223,-0.4798404715702498,6.3136959074425185,1.3542982420578284,-0.8171032981794624,-1.0496285526869096,0.6868272239319326,21.923024070723322,7.456851442815502,5.289685106942821,-3.1589763329285234,23.28741365037873,274.4867699018546,16.333466623302904,13049156547.85776
3.4978611217346813,-1.244512706443012,4.309639631185067,1.1800396259993555,-2.017772107950358,8.196609439280692,1.2996316582183849,2.9346702979320303,-3.891511248815438,1.1769034207096594,53.92288031481219,2.25864778019152,1.5440307737622538,1.1863706173614872,39.081698233584156,774.121330734639,28.286564377079355,9.439588922001195e+16
3.551854151889539,0.32341857587318185,3.0552845004992912,2.2890061444023413,-0.7281802617922049,6.724615511559289,2.362565628742476,-1.4025612622573889,-1.6949752038784045,-1.6409685518232382,15.203921644543636,4.868430903733986,3.6420019068212355,-2.5920923561147813,25.26252588326563,324.2036866131098,19.249116693369853,94050863156.85448
3.3777776333070575,0.036133410513476905,4.3709809602329575,1.6000865484171503,-2.348268535904286,5.920099745964183,1.864000917883757,-1.1928505110722791,-2.3739597984572294,0.9260879344790919,56.853749825331576,2.627629372286549,2.0269647987724806,0.9932764703364867,20.30115572859113,209.19245220268039,13.643929420558404,658668815.6130618
3.546493864272853,-2.5689670147229293,3.425785597098947,4.029365750263916,-2.522537547027121,6.785223379997468,0.8182427185130604,2.653889303814589,-0.38414797431170206,-0.005807921907905737,22.147912940116797,26.83958234273142,9.711294281940553,-3.166061468470203,27.052547921006337,371.2832937013296,20.866114305221707,563325588590.683
3.417766913637914,-0.003092898840906783,3.0465508928873013,2.312032940787874,-2.1666183079535686,9.249430865090229,2.030565204763626,1.926803962093489,-0.34934300044372346,-2.1969372012380144,15.527677766836796,5.685367989425447,3.367685465954065,-0.2210473381769048,50.40631094948776,1288.5759681814366,36.79199242282989,7.819336338407175e+21
3.5905500509725994,0.5839790116952444,2.9773867084312644,6.041647682966353,-1.2684167626475145,6.285480894109712,2.448384264949839,2.2458682720096323,-1.4750258496785682,-0.956518400620559,14.322774809809442,200.58422924594993,21.51649374774297,-8.67007379996152,23.27901647866324,273.89430304862475,17.27921671490579,12940038914.33637
3.5198709517180813,-0.5469563439355761,3.116971576170125,1.2113470201613896,-2.491580540449736,5.803578459054863,0.8380288290512155,0.9036362920882371,1.234731639843997,0.7501667491996422,15.833933560432525,1.6757878938287216,0.8542755146087239,1.9973654017005273,19.17127391333377,188.1843703230659,14.552891979556785,212797083.67604986
3.2738803140914388,-0.8380533326162563,3.0087856391576095,0.3697037840352939,-1.7601791486368492,6.454221079060595,1.1478487196946334,-0.1995199556524762,0.5989490220787775,1.9064550631230373,14.37072300157746,1.1795447202602678,0.18086960149596418,2.3195590901613152,23.514552809514694,275.6422347661787,17.35560576156255,16376750229.946089
3.3457797843980797,-1.270479448808028,4.266477095088569,2.9045937610486345,-1.2425858564837458,6.26232489847177,0.8698933722217403,-0.4080384043938288,-0.8929664935992561,-0.07680405842953271,51.86525322690705,9.246467793830202,5.213891352445131,-3.003284198339609,21.501537945883783,235.12299210391532,14.3648834504022,2187693487.8113213
3.2926145236369866,-0.23530012983029833,4.167540882745038,1.9096637404759977,-2.3636653887697476,5.187422604546121,1.8491288632353453,0.8638416715048193,0.6587081151298493,0.9685003273143549,46.78402313594403,3.477364497499199,2.748888261565185,0.41507211981997966,15.901269890001622,128.20083204772757,11.736854697495977,8087618.970665208
3.662513816814382,1.6615544446624424,3.2973292565210794,2.277302072731165,-2.348960316669153,8.46812596674598,7.182952264319314,-0.6087327872286121,-6.556133184602083,-3.25421691055661,19.56342017581181,4.908715337868568,3.761484312307943,-0.30379948858972217,42.55733966169276,917.93478363711,31.48339623383174,3.050738446531916e+18
3.5667674188096687,1.5738788267019488,4.288899149333581,4.078270447489552,-1.431283714754086,8.67757117557452,7.056065965594417,0.1802802787515025,-6.521514165878276,-2.6505101965761306,52.37535321084909,28.96234422646069,10.32437724018069,-4.955362598787049,43.83185423415552,973.8248924273058,30.613603370952024,1.0912383523091362e+19
3.5218467300758554,-0.20883624926944672,4.691557837468024,2.473532094940664,-1.340682330928393,7.899275845763525,1.5187258406742636,-1.2022778665776472,-0.5160227075259949,-0.46727525713472867,78.6998948040185,6.439905461342527,3.782749302290766,-2.0295241641262542,35.155196915176155,627.1050954377861,24.676234333827306,1860780842445904.2
3.384637526928597,-0.5004923651222013,3.539161241733538,1.7470039542313416,-1.7298381952696948,7.121078707772147,0.9889415382647968,3.65371057021928,-4.035690071617134,-0.805701667825028,24.80354828936427,3.1405360511240654,2.4511692159545966,0.0911709520922272,30.33135704088195,466.9886833080543,20.584176893296473,14952994968063.08
3.267799747417791,-2.371164955969315,3.9873259413072226,0.4218311938589818,-2.7757774248604856,6.84363257683531,0.6879374800905678,2.439370135642955,-0.6943810125156956,2.196259482244705,39.35438457112889,0.7663440747940682,0.7736914135819907,3.5250039269089912,27.228163971029815,375.2815979253401,19.832532567214443,671473009799.7091
3.3887030855022378,-0.5884033144399264,4.12781048369825,-1.8099527538524365,-2.0280509536863667,6.683853658211234,1.710566844317707,-1.8374690308702752,-1.0402079117653846,-0.8057704635850232,44.80550164969656,0.7736010573825083,2.376747699334019,6.851538830990395,27.951874282761082,396.2969542392466,20.707498824150775,1384624321172.1646
3.3858274402531983,-0.15301804434336483,4.043317751830613,3.915219054186935,-1.4980054231296482,7.988505243241627,1.7779500291798482,0.1525417205611005,-2.2116202400310683,-0.4995005568840679,40.96751046377616,24.182023922561537,8.95441467950069,-4.243066865667648,36.99309479761814,693.2827377617767,26.00690793930033,1.16918742250398e+16
3.1627987873971906,-2.2575279287267636,3.1943486752335257,4.625633740663078,-1.525254747368679,8.256311374217672,0.6765247716853194,0.5416589373914068,-1.3809330549590664,-0.15857910314183982,17.9959290814944,49.098441160756735,12.538702506823908,-5.696734265500809,41.05517254301465,852.7854561896569,25.927416602593674,6.792381722745976e+17
3.4754537747635936,-0.2327596895459878,3.6645586355266677,2.5481135241007573,-1.7035975353281754,5.34406411778437,1.7963413391399792,2.181784473395266,-0.9212067048478556,-0.28832821314535995,28.21482311502353,7.0854627775021815,3.8874956898310513,-1.8841408064849587,16.95702871244563,145.6408992103251,10.896096486228183,23245075.493942503
3.31712710077579,-0.7365557377053709,3.385200996064926,2.7091278964641012,-2.153014836188947,5.765227544490994,1.45385270944907,0.6656248102243563,0.7176002037520772,-0.7130964989364981,21.212968403198015,7.726110973329936,4.4099290266599205,-1.5542030369983257,22.756561603746924,262.6582569968055,17.17370468553361,7674256781.922374
3.382237168584058,0.12470280281536093,3.148767602801431,4.057643039916302,-1.5721752413572,5.685333964349081,2.3275856951221705,-0.9878478064880072,-3.719075482928092,-1.7674373017249456,16.436315402563284,28.2860251679295,9.811225823407577,-4.944911822185041,20.169856654731092,205.9583268734516,13.566868400088529,577623159.9150074
3.246170835183415,0.6616585140918395,3.964051094192169,1.6051770158459153,-3.0020986227684694,5.684005074840446,3.196513326520061,-0.8248559186960238,-2.869059404489472,-3.7210726397264695,38.100897340919985,2.662085628582098,2.3943247642288705,2.3979607391634854,18.852206427631245,179.9075250338832,11.315201100812104,154666560.00769845
3.3727740505402535,-0.21922364629183963,3.0335722077824507,2.7660277142684406,-2.1334067584793477,6.177540293325268,1.0987065035170671,0.7325676163465816,-1.5690495665409698,-0.34497215821224125,15.374944790531687,8.056642186732331,4.717175939394509,-1.359441374463139,21.253700694410693,228.75597563980062,15.975456724882784,1707466229.1891084
3.4934718440272072,-3.529853255773763,3.162424123156224,2.164178841914061,-2.0981415179438727,7.2761241834174,0.7205862624252696,1.4521964610782279,-0.9626971755885315,1.9781664397528371,16.6835133128268,4.722837467288672,3.3933154567810906,-0.041463206466704094,29.92702857941166,452.72753269810585,19.334848316532057,9980000601701.19
3.2849585123894007,-0.04324223083083501,4.535336256159336,1.6002502478027767,-2.274108812919857,9.694421709217792,2.0530754199693453,2.173335560844243,2.8453625932599995,-0.7055060070605459,67.3529010525836,2.8964259697164407,1.8768030281594836,1.063213444493282,55.771633621780175,1577.8657769084627,38.65140731567463,1.6722450702783683e+24
3.285848582352706,-0.00975524863649158,4.276366640524497,2.987673964376001,-2.643163691467025,8.944576858325817,1.38540302798929,0.08427498373286066,-0.6645457928264265,0.7201537697604345,52.36100760119329,9.648282272975454,5.970301486554131,-1.2802152199125918,47.4604119378326,1140.7983518670756,33.47851581981822,4.1094358860409845e+20
3.262277439652118,0.8547390125310236,3.0448174079718586,2.2360385055311003,-2.646195368346951,6.627125625366359,3.239090467636781,-4.289806247025103,-4.8361503910147405,-1.671735308581794,15.094163349322487,5.161857326990917,3.114730056583983,0.08046944941408776,25.527861647273404,329.10594881121796,18.870046535768264,122629976158.28772
3.420135002169674,-1.183662060229562,4.048539578371952,0.08097249868278045,-0.53027044964935,5.663182173484783,0.5497557508744986,0.511600891038972,-0.30207049405997244,-0.4143120368225227,41.453632313145896,0.7850939166655119,0.28708394673367904,1.2815698940375864,19.303533530161005,187.93168621714642,14.245843587193509,242887570.7582995
3.5300129761264634,-0.20575708536495796,3.8166079977675604,2.8650432544606783,-1.1696607884640686,5.918563730986259,1.750880499151028,0.1536447446867044,-4.627961675977454,-1.3012001418059782,33.29782497294935,9.097449411774614,4.86839697558491,-2.8857323073959567,19.503684240985862,192.5775182058793,15.410487925333936,296708243.723023
3.3273313128301036,-0.10342274527962136,4.5750418638128725,3.2540695663680266,-1.0006150976420214,9.062188991176603,2.0673837301690012,-1.1975093698043537,-0.23242818714368685,-0.9719178792770141,70.01938916534584,13.244542792000377,6.752666874219845,-3.6573644652989845,48.17046528352342,1176.0017796365146,33.919391520009974,8.359002575049874e+20
3.2007317921993783,0.5572346446905605,3.4006235268655067,4.468035870283085,-1.6957430193471668,9.087670113416124,2.9068195310797913,-0.46000488290502883,-3.542956439861646,-0.35975127088128844,21.713453769580475,41.60374597466873,11.629879686646891,-5.167693760662795,48.036479659330176,1171.4939035972923,34.16858017501168,7.310805700106846e+20
3.4700661500817733,-0.8333279583495256,3.0582267368035403,3.3430933826812623,-2.4206854538681046,8.60566001832592,0.7360411535571462,2.129724314373328,-1.4488865000663154,-1.616348580623074,14.990355299498612,13.650283737279507,7.3839881360138016,-1.5237746909112568,43.28591382005027,950.73616161867,31.621132379127356,6.32150829077447e+18
3.5433829381106494,0.7506224486323068,3.3739156056045836,3.0991145577237504,-2.583865914135003,6.203347445879646,3.1317498493807236,-0.9087865414472553,-3.5049708895244596,-1.0902846004475086,21.129225957406142,10.592746651813668,6.309135874243204,-1.1412470530426062,22.96141676713561,265.1577784957323,17.319270020212905,9418978237.640778
3.372643758171546,1.016022549061425,4.346770098337463,3.56660781559008,-0.4609391611756952,5.723672646389513,4.148622390727301,1.0056803301420218,-2.5970552977543804,-7.854245737862871,56.23244835319014,17.625022879278184,8.274762092413447,-5.449174951886259,20.476420903313475,214.76217123119682,16.904216989756033,784844795.3620356
3.1782368076527,0.5128363587057319,4.638804181141433,1.3934448824013448,-1.8189237432851246,4.570236560053972,3.1830910959634537,1.1389375593249906,2.148035735273331,-0.8285740052671449,74.38495966702291,2.6869523384005114,2.0166895537939316,0.3310839728868292,11.491065965771833,66.5999751982859,7.204848367064615,98282.89593197402
3.4068849243481063,0.9047987134257266,4.110756316316939,2.7199285846675134,-2.7273546502546058,9.355685817845929,3.88385003400795,-1.99261160039815,-3.3603513790693813,-2.0080541093159856,44.109536893461915,8.114019893900437,5.10454384970278,0.02061472789707386,53.169922208940314,1432.8384240569044,40.571105617749566,1.2399124313062122e+23
3.2080255932975166,-0.08027366928515918,3.5153454295694035,2.335144122200016,-0.11088120890589703,7.127506208537223,1.5587961954805014,-0.17292178559572793,0.49125388334818565,4.161618232146664,23.969654218197405,5.239477523678971,3.4052982124234292,-3.7239170867772255,30.319652965763364,466.465624532934,21.84648445605422,14779004178517.457
3.321119029203077,0.5287894681242052,3.2164636522992813,3.141708078177796,-1.0324226042294584,4.593671126868752,2.4038656094584505,-0.8208528189787367,-3.5046203054090936,-1.2089822714285572,18.31954334992387,11.109612932064753,6.034833706876913,-3.533839062226053,12.246963825357621,76.08205373403938,8.861399615165015,209278.96393582146
3.267012669420443,0.2695043284313426,4.32403186226218,4.341338026940826,-2.3470846445882714,6.074941679098711,2.4175563774491025,-0.05920241375646272,-2.4279384215449378,-1.1398203453404938,54.963326968682026,36.913572306399764,11.002395169100552,-4.276782950069938,19.358397684389384,188.64523856629012,15.277273370247817,256585645.26527563
3.4106084201106186,-1.5841077400545667,3.6737318456608916,-0.9620355199768342,-1.7669481760519399,6.930492200775367,0.9034344343277416,-0.45438802448357735,-0.152311469455148,-0.33299889536530725,28.19524023536756,1.1334054068808161,0.5799213316963918,5.0172087639626515,27.679222286480787,387.8028115693742,19.755924685086825,1054194383633.3582
3.390619895490576,-0.24589230244596222,3.5320286161750403,3.3975915542903765,-1.7868499920898795,7.963853171348628,1.0457750423640495,-0.4622779278045676,-3.1803043107740345,-0.24431265350292225,24.59489751935038,14.665987500230896,6.787358550443713,-2.7902827455249044,37.715746701963276,721.6410690416059,28.498297636404818,2.408395844506928e+16
3.376902048668152,0.027432869896802693,4.308500125147404,4.238149354513132,-2.5140502969600345,6.8066097667219125,1.4705888544536774,2.0592059083232974,-0.2974554759701309,-0.5617203126733088,53.385250695767965,33.86638259236788,11.143911550381278,-3.3729559867665784,26.70967377753306,361.9632980390345,17.992867268572684,399807678424.25116
3.445509803865019,0.8640395281096244,4.549530479974908,2.419556521687024,-1.2119214968688417,5.6118725895693515,3.669171913002924,-1.1636341665626841,-5.71638324634335,1.6560860651119431,68.18132131334532,5.526223791917336,3.4447786126832316,-2.4183591906173794,18.027494239454246,163.39850055444532,13.233948478730603,67799794.98749731
3.4088321340723424,-0.559463873630982,3.8593347804834433,2.070807808290831,-1.583770777842001,6.894410256584211,0.9381518594029596,-0.09867576931585766,0.09298085157915337,0.9512041738362964,34.45470754839718,4.19878522891475,2.7777340065274423,-0.3416369575649473,26.116894683194474,346.29644786410927,19.553240265621376,221009245027.60956
3.6639006682053115,-0.05069711706736513,3.6874247437616816,2.3367377497617783,-2.295620783439125,6.821781638313592,1.5718283806980242,0.03973134992607548,2.8224222757893704,-0.0764138746137139,28.91848144247742,5.288561531031985,3.453926604286309,-0.6095592878472841,27.174349101454418,375.2286174097515,19.970512384495798,636292874362.8196
3.310650365569858,0.8067177375779071,3.7057407291191105,2.5818237607353267,-2.0731675681166353,6.302895566084333,3.1195423013311787,-0.34367052143394383,-4.910746934300958,-2.2959554167189107,29.250261311601516,6.760691952024159,4.5556274863645045,-1.2942891634612153,23.699292489562623,285.9042366072445,16.355080127351744,19699678955.939625
3.364264871862267,-0.23453969875086786,3.902566969794437,2.333644562017189,-2.383641598276967,7.106099669980858,1.0771401584564586,0.5670644539878554,-0.600527177198857,-1.1267499180655887,35.75927782357672,5.650383857584745,3.7979849440783546,-0.3293896480108659,28.686034567402057,417.8147094179962,21.208987043133522,2885185334434.7944
3.431274330749994,-0.04743982159754699,4.681284964237208,4.400018615372556,-2.28430837370267,7.960453277056175,1.293966445045056,0.0188858223977103,-1.743980933018946,-0.34722165530905963,78.3114992709005,38.955082699213456,11.779429298515042,-3.636794143137241,34.8523390920847,613.7737428187165,24.944144578314983,1374566466492494.8
3.373736867688359,1.1469084473962563,2.983842875177433,1.5171880284883006,-2.5877787336119846,5.713702262242048,4.781593865709971,2.242359617882107,-4.880867264011055,-0.1848387895893664,14.25655556650184,2.79174243831446,2.2158047947312456,1.7779734804603138,19.202082831441757,187.26541434577507,14.764628097045236,219455167.2802876
3.71519159539961,0.2992960884776961,4.358841166382637,3.2603522602658677,-2.4663237910948634,8.696333068757257,2.734080555499326,1.3395567168711502,-3.144683715671694,-1.8616035568758624,56.647227124664504,12.557098402952349,6.800825656826934,-2.0145117446721423,45.8114217962255,1063.2491162075291,33.28316464256884,7.900141861552313e+19
3.5969189413464737,-1.1474746631383932,4.662643098702758,-1.0142683574702205,-2.444045284149781,7.4742838155450535,1.3037159101261535,-0.14985925625807606,-1.9859706252419205,0.11655827588603165,76.4479920866106,0.3955826824775098,1.1567706300297753,6.53522190114272,33.61783986792854,573.0234468331532,25.59829343325961,399971957793097.2
3.3506404437164616,1.3023455095355438,4.589367393502546,1.6559373154903385,-2.2876687556046225,6.139630219309009,5.284518231636801,0.2635862554379005,-4.777331062459806,-5.0233177788438645,70.76148708612436,3.317580116342242,1.8731501529721113,0.7812643982439073,20.82317690596043,219.32440711359305,13.139692777740013,1110140687.6202192
3.30580659919165,-2.802245722763655,3.8369535671681163,2.224765881109804,-1.6571199906219214,6.323340073674394,0.2167658612625401,3.261472541114192,-0.7612465699376617,-0.08759691515324741,33.95528775213367,4.690808981591215,3.222185054306854,-0.504964742824965,23.909521180189394,288.14615646432384,16.946650882138545,24308620242.561546
3.3185952474788856,1.1264755678885012,3.6449413941965725,2.9343830321846864,-2.7084452887369763,5.483338241970813,4.106184094508686,0.22532439853996944,-6.93016916978854,-1.2536537058922705,27.23196883539999,9.838049759244793,5.18651350953962,-0.8826205593701882,18.430218376131105,171.73984148383576,14.303251121727582,101421318.47744909
3.301707398557363,-1.9814091470755493,3.9807068769911402,2.370358510889837,-2.4488067018370985,5.553763974625759,0.9658294007276336,2.2745770265901237,-1.2407626854660658,-0.7892308484060387,38.41862716827589,5.7753431703878375,4.062895451596312,0.273563255693439,17.3476805242954,150.62657875811095,11.9570629615826,34354925.06868192
3.4376118384870082,0.561622174430618,3.46349819857045,4.390550653383478,-1.6467818026238883,6.68422076365215,2.3772702357217677,0.020532009657765846,-3.5024699403872526,-4.974221710555318,22.645733236980107,38.92184102211913,11.770546211585014,-4.572423248966371,25.51349136450105,330.36670926955026,19.04801325224764,120880350074.54868
3.7067280054558287,0.48674177524725337,4.627392968103533,4.280837036829867,-1.4107008531324894,5.686779818301423,2.693600322092971,-1.6380073973331122,-0.9730683560941005,-0.48596734847035633,73.99337879876519,34.49775633736563,11.339162770974829,-4.673820401222424,19.292055141014355,188.92133256450248,13.398362074150288,240115478.59125525
3.5317306768751453,-0.23232445974768523,4.549871811459999,3.1430617465780575,-2.2762898067938524,6.610441539421385,1.9958320971248806,0.02720646130126597,-2.7242060268553803,-0.07573830737239506,68.30541441585551,11.903342553850983,6.313558384880718,-1.7150790851396898,24.17156566802787,296.4241946494372,18.322740604218694,31591102594.254433
3.2494050799916216,1.5100403164179863,4.183022039575928,-1.4361342061776345,-1.9730193120920585,7.653904913986567,6.900591355671187,-0.0656492523885015,-7.217612165774853,-1.103052278260779,47.62700650814547,0.4281529778402051,2.034628595510481,6.147197391186036,36.23425209336578,665.6635565081581,26.97193691561442,5474228680953132.0
3.1806414949731483,2.1071419201078854,3.86074680581684,1.0232785341765676,-2.073767325962276,4.936996465606013,11.330221881252847,0.4933851431400831,-11.554696187215496,-5.126131227895542,34.823291155170516,1.407964711952344,1.5376574350442749,1.5541605548377573,12.269613955883914,76.16743312207629,9.483534563957882,214095.95923677427
3.5469793844803625,0.3349172850489348,3.0826926093036953,6.00888582265048,-2.3199890855866716,7.88002326471132,2.2603494045922523,-0.13505406984876236,-2.460672912468993,1.66731130053667,15.550690658459105,194.33501072014576,20.989252105614916,-7.139200072172507,35.93380389625595,654.332781894102,27.308664903891607,4053591135991374.5
3.2704112433661723,1.394375138676111,4.133424560515936,2.2860792705564275,-2.13337478481005,8.820605968524106,5.551781847743017,-0.04985234611137329,-2.5216589265720653,-1.545890413540244,45.18101235830483,4.898719145418463,3.2312289421258624,-0.7139269091176452,45.84254583872522,1065.9766750632793,34.307905598072175,8.149892679201933e+19
3.248736716551344,0.7482350487678496,3.8742629285911434,2.729864949396035,-2.1263000682825752,6.298933381109474,3.4902680458839077,0.5701830222708139,-4.535255314430646,-2.022278737997728,34.752156296340246,7.90779033270672,5.078264465187132,-0.7468736395474158,23.117373577741343,269.9167719921398,17.41861305278882,11008673108.321127
3.1931881567098728,1.093162179597072,3.4008923913834375,4.225314408370472,-2.3990303695389317,9.164008954351269,4.5469632200370365,0.3534333619582876,-4.518778670812794,-0.8833374322456512,22.255067423491223,32.760323902215504,10.745855688886866,-3.485271778307946,50.46759161630364,1288.2759529343557,36.063841224049916,8.313497099104617e+21
3.555690941441655,-1.9388433360715467,3.1871449885503402,1.8642236930336014,-0.9099204200809279,7.66384137292809,1.035523922753322,1.3388461986909783,-0.12654342482110081,-1.1147336766256586,17.2000492762833,3.239404257417126,2.032962016260227,-1.7271500458265414,34.171648786561704,592.7311964328178,24.24779604617396,695898180859915.5
3.5787729976620795,-1.2496406047483242,3.1691482310138084,5.657101921805332,-1.012026679547442,8.273233887489205,0.8225130591072959,0.9930049278132558,-1.4173402260841186,-3.356760063242383,16.78302723280463,137.25603001838132,19.35375616038536,-8.39616452190548,43.90675330896185,977.1871067431406,32.5032196930852,1.1761098196900753e+19
3.5018913169283854,0.2796484040215019,4.657039708604133,1.719543682203327,-2.5653138142863017,7.5565598877413835,2.427719532663515,-0.4058453751823604,-1.7935130579046064,1.482222436939829,76.20995770500068,2.8354085382500998,2.6504092193466064,0.9542481018701552,33.96461498929105,587.5991794832104,26.01245557919146,565759773970384.6
3.3115992949179285,-0.8898652676595189,3.654897200284241,3.6996928289648774,-2.6407948184888976,7.579275715810741,1.2186481874618562,-0.041769368729475675,-1.199796547450072,0.8163431720263339,28.15593155266816,19.322105739573278,8.249232955895245,-2.2389744056605494,34.28579001530407,597.0219865586273,24.545910457020753,780039521123502.4
3.3117353511069747,-0.837687142546206,4.053698180396489,-0.1824427865921634,-2.08569945157589,4.78132343906115,1.4347258928900222,0.3759575732512202,-0.06533872916956163,-7.831122735822069,41.67529070939214,0.7780449718644513,0.9438264038268909,3.7592977001171755,10.975938331437321,61.38193822262999,9.193300159590924,58756.84323016052
3.193210662284006,1.3755434343421882,3.539750120954847,3.2427171766070897,-2.079665235095567,5.11861712022208,5.40584047426853,0.8123944838576228,-6.8501282415214515,-3.791186077941813,24.80223094042688,13.150508481886506,6.629723431685058,-1.9688828065961117,14.793032080797476,111.8811938226689,11.25423919644133,2670018.5989064407
3.5506462139850967,1.9280931693101586,4.296597093870663,2.894963459554053,-2.1338395809336843,5.184089047054825,9.227581808513824,1.5990369869479473,-10.492622669964348,-2.691820548069726,53.408978399450945,8.654778175717047,5.2424831130141785,-1.1399291385886714,15.570583810957267,122.38330607789081,10.408719756521833,5810375.618231816
3.439979774733594,1.3937125406642954,4.310376799285558,4.190948748447645,-2.109956631173916,5.4726837200175416,6.1031390612595,-1.5421599517068205,-5.244854595940006,-2.8223212770632253,53.84771902565682,31.71170756375896,10.202033317639021,-4.463667961150878,18.069580876663398,165.6303262859983,12.708748877330077,70714105.30580844
3.451486290894179,1.7156505670349294,3.2221833544243386,3.9678787940472287,-1.2204423241144207,5.9018505840475886,7.626569624072575,0.4782915172892949,-9.053631582559154,-2.8797727476479613,17.77954799561986,26.012207094615693,9.510679385010414,-5.098096951837454,20.68309874797199,216.42402732929378,14.566046839878705,965034468.5608366
3.598472635234084,-0.02294072994059871,4.1896532107005005,2.1916987010164575,-1.6469277973076593,8.13904234698782,1.7469810369060006,1.4589321659760595,3.4196459578112366,0.6272253726713467,47.859201694288586,4.366590604979135,2.887439362659678,-1.1859935746828927,40.0202185662351,811.6875796484006,27.799452833966463,2.4129442261404656e+17
3.616536271014337,-0.9663053104735982,4.096886993629162,4.72271516373549,-2.2599863688120525,5.946964334853511,1.4410606625317848,3.432702447636004,0.3907657199770086,-0.22454269201135652,43.549389968206384,54.19797734634656,13.45004055763331,-4.620785313060263,20.608032460737395,214.329477434094,14.738990988534374,895245036.319392
3.4578845552144557,-0.4390737633860128,3.551848466381795,4.109773030990469,-1.800974242897317,5.487207545637924,1.7191277049174034,0.7293729664357255,-0.5069355955618188,1.866423316071361,24.7456741000775,29.71443891585935,9.87145619726584,-4.14362070497509,16.755020859210973,143.5160053589779,11.876123664568414,18993234.058913775
3.406482402430463,0.47657633263435945,3.92053208882933,3.421791994218468,-2.589783105653584,8.013404604774585,2.8819501081765186,1.3579606972900606,-6.197095555930442,-4.16552486966006,36.64189498064531,15.49266261097054,7.4461479506852815,-1.8326117583079555,37.87716700621905,727.2512813444591,27.54837052577281,2.8302957328788264e+16
3.4016812430496177,0.9989103117646326,4.036562510663668,3.3445289245420406,-1.51224233178207,4.685962946555231,3.6192522533242735,-0.06805244387651938,-3.5930934010408793,-0.38288922930932445,41.16361359817559,14.47914731644129,6.6511907922534785,-3.096806604306977,12.165675844890526,78.56663423468028,9.043957709249035,192934.8177484829
3.2086961833645735,0.9125175533269867,3.181397056883247,2.4612801707782213,-2.5780828955888264,5.876347942473083,3.5968252713047035,-8.335954315552197,-2.3742354586635193,1.2400267162211742,17.461368033451553,5.86933103881156,3.7751807229289573,0.0005818751867486815,18.107882141561298,167.343207162359,12.844570162683658,73475140.14188352
3.3619212394766005,-0.6493346133674516,3.38655051214704,1.9358194084199065,-1.9529472685668923,6.561976631919861,1.6171979308323907,0.2229567225184968,-1.6895863363925772,1.4472211126936034,21.29445485550135,4.278972764025042,2.5865372141720404,0.011559400192247105,25.189335668393866,319.61351510052157,17.44359353741915,87413131595.48991
3.3531148866764573,0.3117614520910584,4.0375148600180495,1.621338372055623,-1.2031035104380936,5.916026312616829,2.509175169923229,-1.277139453166692,-1.897455454244561,-1.2060548143642449,40.84736995481749,2.4170193375915594,2.431245362868496,-0.9625499332321873,20.68213324417712,217.68621429372448,15.436520737117078,964103224.2845008
3.3387988671568865,0.6207721380087449,4.440439067960005,2.1320643585085195,-2.6854120641154684,7.610658768568371,3.087962224814488,-0.5477452225939713,-3.145431028794405,1.012562076174941,61.4877020555068,4.203969512148971,3.09765672977952,0.27323254179708967,34.17367230058927,594.6555751808348,25.06689098490623,697307766267587.5
3.314291525557932,0.7195817277255105,3.9812148556625457,2.316473033305891,-1.96272151420672,7.70852864271423,3.3622356953366803,-2.0393916214163594,-2.2312436942621363,-2.956803059293046,38.525087097775845,5.312840453526737,3.821744579158922,-0.7639824379448003,35.976614377078675,656.8860851248676,25.328898303421738,4230895485274406.0
3.703438352135346,-0.6645010499351045,3.6232839029010098,2.3426286265260905,-2.4637430679410306,6.612539453607379,0.8580138481082379,0.6715958971213364,-0.2451123347184329,0.3049047869534084,26.74995004312695,5.093488540149785,3.750455193020341,0.34703510886914035,24.165425133533063,295.3602588558959,17.091091999502822,31397710726.044083
3.2939951852494875,0.051529389138468135,4.037839085665507,4.023301660466322,-2.3416947003889312,4.85164591196716,2.2907876966789456,0.005845248959190762,-3.5603545020460445,-2.2972764182433876,41.02599273261895,26.666407920908583,9.785596991483501,-3.2779053855897113,12.384129844254536,77.00596356713662,7.2417720827661585,240019.26695889732
3.459335707657575,0.8764320889219599,3.5037077674813064,2.372147143876986,-1.3441322139133731,4.7804183339481705,3.883294331266631,-0.05265806536641485,-3.416913496446083,-1.502080917684003,23.974608894751253,5.6989264543076015,4.135919061577601,-2.0807704536248206,12.538526091225563,78.10590675006416,10.366021595104282,280142.85370148346
3.4860056773023946,-0.46822424733701856,4.3835801911551,-0.602917552110346,-2.0522275303744086,6.890973508364948,1.1745263975392852,0.6304883822267058,-0.6490534788074953,-0.5790659974819113,58.18859598289697,0.6129464287651021,0.7819304126082097,4.743071719788653,26.91454303915333,366.00403216546056,20.908399087650515,490709787824.125
3.4265998135569924,0.8848212896742881,3.3269897374610666,1.9929428226123151,-1.1081206927347096,6.319591519434562,4.095902970263984,0.7350722769469998,-3.5584379808025908,-1.2042795218276996,20.53091143153252,3.7490867465940045,2.542165693951671,-1.6889003580463386,23.919595737538888,288.9249970276378,17.877856737944406,24554756609.260204
3.539308635811221,-0.3382592585657695,4.689968660532992,1.9334729003802313,-2.6328303037129968,5.741655513847312,1.265866139441181,1.595384405896737,-1.6093090621439956,-0.11674991318565253,78.39844826650061,3.757603686613834,2.5923478516802216,0.9185046260052988,17.909989636552908,162.4304367680951,12.165260053650774,60283274.39042262
3.30017280824597,-0.25951539635369536,3.334385102411092,0.5974742149711574,-2.6228332454272616,6.02692937764275,1.1888477559413682,-0.2076955711230278,-1.9320799548787482,0.3012360448056711,20.855504954872014,1.6950205389937616,0.7683350918044133,3.20336232316635,18.355291701661095,171.07264375553356,13.042786440874234,94099905.94863847
3.356664419498515,-2.0524399844929193,3.594219744969938,3.102942371150504,-1.4179906029697962,6.0000247888158675,0.5375235828740688,1.5753487542655624,-0.21902335076997054,-1.1101887201509042,26.462815243082424,10.786416715011374,5.7719073943640415,-2.4591898053235113,19.44497701124892,192.697479681766,14.762481273414107,279790766.7781188
3.579037948592827,-0.48239402386494723,2.997569574528528,3.0223850434765933,-1.2476595523018057,5.31259751919662,0.9273410221799852,-1.9626659659496863,-1.616792403632231,-0.35393136642803646,14.127224290292721,10.030477239242886,5.947573417168416,-3.393741065398107,15.804340948959089,125.10665777817283,12.397104239275901,7340473.866231889
3.316652677758759,1.6720565789733117,3.4629974255360665,3.0433878602455504,-1.9764277718544283,5.994171859687269,7.919670057863627,0.4515312690554965,-7.4730812539769245,-2.331110482591601,23.560173832666162,10.10624985444004,6.247349407860223,-2.184192779820937,19.867556723300478,200.0036359474245,11.853776138107518,426930739.1354059
3.6744323477939433,0.8830039154183343,3.325146088220603,2.5574134075315023,-1.0489725210140937,6.077578631589363,3.385140531634231,-0.382269237911972,-2.105904371468828,-0.6243062884597522,19.769492808597338,6.531938057041111,4.379185724410759,-2.513622978472335,20.303448849789092,210.77391199361995,14.114857436196353,660180943.4525378
3.200049737132435,-1.0338173517571887,3.9830631214548324,2.4770021881750055,-1.9956890775263574,6.148111286489564,0.8913685108506937,1.0694384936979417,-0.4732201798413185,-1.6037196268066254,38.5088137480239,5.75521735130092,3.918298212182181,-0.7305135710638656,24.439582609694238,304.5380917769854,17.44003668118789,41301237348.35185
3.263693788961587,1.2756082564054247,3.650127885442944,1.5792736391187208,-1.932144267508425,8.24185412061546,4.76735805799111,2.39039467157886,-5.098547947238191,-1.9755722661433635,27.91714856740355,2.692782260816945,1.531161963144568,0.23947341330205613,40.05444892207487,815.2041946860369,30.661574802345864,2.4969700786534688e+17
3.543610629567869,-1.6028842137109114,3.7602140002288458,1.8228637460401251,-2.4392287278972975,8.99764719348812,0.2759907686332064,-1.8234704181218666,-0.8688538928072164,3.022207061675438,30.61063605052548,3.266149425972138,1.9593393269336894,1.1172293001809848,46.50058265974236,1095.4943629156594,34.50143158664424,1.5737424155137514e+20
3.722984995473884,-0.04459774756863747,3.966249441314739,1.155063543452505,-2.823071973596354,5.72780514274483,1.4499513010469898,1.5411271757919016,-2.4090097083743647,1.4746736001673844,38.302941183314715,1.8207501494906693,1.331325959642264,2.744994673818201,19.03784655425153,183.35613330092843,13.692700993283974,186216829.98922586
3.160984208852348,2.289132601180586,4.214047212235922,0.38274974802650163,-2.1099892707190717,7.860447704433213,13.586767088991268,-0.8697250266768178,-13.985549495743546,-5.128255225392904,49.13675660679381,1.1386217578225386,0.8702710486944473,3.379374386382912,36.29984717849931,667.2080492129849,27.789770543973802,5845349984506678.0
3.607488211155996,0.1529979850192474,3.035426374225307,-0.6941626285868727,-1.5745618642531938,8.068641337787717,2.5085516737458304,-2.2089709137668154,-1.6524886324646972,-1.2501258048787824,14.617153508790615,0.3988722785921961,0.8979506575213256,3.9721501050687453,38.43408737086167,750.5377029362704,27.959506724722537,4.939685030151903e+16
3.268710712298791,0.4751167977396198,3.39705908502022,3.579803267627634,-1.7015992969302332,8.542118260121686,2.2586217745066905,-1.4479315294700497,-1.844878422745867,0.9459520321851794,21.616752733763764,18.014458913701148,7.851947220165177,-3.603908735883173,41.200176191716764,861.3927798134413,28.93504743160869,7.852290698477034e+17
3.4532413191105187,0.8752828569364973,3.0733797851807956,1.4721887462089107,-1.850448999121497,5.787743318695427,3.3546871735973594,-1.3744906771086796,-5.0200816964823165,-4.773351577621293,16.001716524579066,3.005436960374872,1.5697888914932585,1.0008011261695262,17.903538410087073,163.1606882931658,13.156877230471789,59895627.307547085
3.301233783706945,-0.3801677563849838,3.3337606551444825,1.137008396856736,-2.4589596048169815,5.5823658456497105,0.9151613138512311,0.8078678771366335,0.5295484424704862,0.4712673235209544,20.702795541571632,1.7856195939722501,1.4435878052827293,2.2927601463592016,17.999508639186924,165.0933652505555,13.763248532800898,65928700.0160082
3.4442725570497945,-0.7476962123947243,4.065188296203033,2.083457511273786,-2.427739330386216,8.095708925460208,1.1675213648577487,-1.3889831144948492,-0.7812067681352229,0.3238785789458488,41.91251814056467,4.600560846496324,2.964141975738367,0.7651665995935191,38.319594667937984,744.783754166051,27.700729819899067,4.405302227624024e+16
3.507838616041637,-0.27341779387669307,3.5165615799999252,1.7708412661857063,-3.024016223611303,6.243720667066808,1.4234437764567216,-1.8252054146895516,-0.8288963492003087,-1.1883993258828962,24.028212914607014,3.010537126833179,2.152424743772517,1.492953859568309,22.73900145392756,263.8350813163261,16.078401402631677,7540672007.2019415
3.221963869014999,1.14839264015923,4.127386390119508,1.4940130541653758,-1.9178667194492351,5.451481688299746,4.722713778039292,1.4799096149478932,-4.817309863772505,-2.4434267895330226,45.04008334080102,2.401285507746198,1.7774639796374787,0.8835084543098897,19.147332104337334,185.545053188317,13.777883711325654,207762836.502359
3.454370043419249,1.3594375223805124,3.3383343281798132,2.6663984220445376,-1.3688713527494774,7.455817751278534,5.685916522243258,-1.4789599598288306,-5.754936129027848,-1.869353169956573,20.669696676983325,7.297486157957744,5.0504830006502255,-1.7242385475283637,32.823927221577804,546.6083043020235,24.912114979358837,180816335081833.53
3.294780667381966,0.8165463841929547,3.8901979649534546,3.2754672577404107,-1.9687446064913012,6.201801689293676,3.378867835773743,1.189856063210597,-4.441656656052526,-2.5173541344564265,35.43180809807908,13.255221086592123,6.533503789873334,-2.2918593187830525,22.052784284573825,245.9775583568475,14.344119813226726,3796555193.429688
3.3380629394882555,-0.5413324151674509,4.201190406123516,3.1923171567120683,-2.703292118314224,5.8474303858603935,0.7934892466537669,0.025562884573084886,-4.298744084842629,-3.887225365528474,48.270145408122296,11.985487003690974,6.004122964757915,-1.0877314087763654,17.796269935037902,160.8052175582206,11.582661671044528,53803289.61025856
3.437815936941937,0.34640045931362917,3.9283707765774905,2.4140070921089563,-2.785555944024934,7.024085421714847,2.3753263000557423,2.090834665176319,-0.5182307800935586,-1.3214162121884108,36.82725961267252,5.417488338832699,4.236923428786756,0.38566178786906413,28.608929919836292,412.2266584773309,19.14416233983661,2671084289827.819
3.4048771243623603,0.7252760154418431,3.651322829475304,4.036168550765358,-2.817172027443746,7.766990671643391,2.8098105555026205,0.3060816448684642,-1.8903719327282145,-1.9495363254796607,28.127617875244248,27.863222814812246,10.152365054543356,-2.671153302841667,35.68717639718182,645.8400578375135,25.871919439086643,3167604707211147.0
3.299602739907398,0.5605230833519277,3.368617880892252,0.6985216178357996,-2.682166943421219,5.711277013458681,2.8378141023319445,-0.003080783592789918,-2.1804372761391417,-2.0879059859034728,20.648069781331625,1.4553009252180655,0.7401854365347764,3.085781923793452,19.14925783822156,187.01660603837345,15.19002176959816,208163337.33716655
3.4837482139773583,-0.1858906154665402,3.9412739178752743,4.077488778728115,-2.117838650502381,7.447017919603242,1.8811984158793642,0.9844259834111685,-0.9822819505137453,-0.3678524934417688,36.8171099888415,28.416379973674808,9.750853430835713,-3.6995809508251636,35.620033074490884,644.2892438054098,27.79163022340517,2961904183415501.5
3.4344335633156278,0.4034848773338824,4.078625049971931,2.632567505685977,-1.52738477033591,6.959475089924819,2.7153828581830317,-0.8552423284730251,-3.3253194722545416,0.07944634862260336,43.10635578878502,7.253599979467065,4.915991602102065,-2.278489822649772,27.923494403511718,394.72787731775657,20.22409146832814,1345881211967.8618
3.200764391012084,0.03463210083103433,3.5566753022942446,2.3594756099182086,-1.9561268978239177,6.550667811498622,2.3401217410473953,0.03779885201732422,-1.4428679000495945,0.5530297767778207,24.958658348145185,5.78239744223409,3.4072861037976474,-0.5979710806634325,23.92332983544992,291.43752820649473,17.035141500743013,24646617875.475506
3.520892716904685,0.05168277068945334,4.348963392446893,2.6650986537572052,-2.133529387402278,5.9124912107351,1.6650851524494192,2.1995649939501414,-1.2276498704552956,-1.2437952445518592,55.547828809867426,7.072087452713769,4.939972261814219,-1.4925401222508217,21.419638722224942,232.7906687742406,15.47538196360296,2015663791.7119827
3.529492257030603,-0.4953277752465778,3.957700877451876,3.3147951568541414,-1.6962919360406135,7.1671182300654195,1.0388031667146036,2.460140383709349,0.889627794835045,-6.093185553472196,37.28428050221766,13.275655195708099,6.631842397610263,-2.7772524635021787,29.655230985577212,446.4152313317061,20.949224139496152,7604845095829.817
3.3780527272820624,-1.3122560535201495,3.713105394311007,2.4071836022374233,-2.740841206311303,8.318996597386725,0.5926506479077855,2.5081124767973195,0.2754872149873136,-1.1465368694700584,29.96203654611059,5.893141835060121,4.206968990176002,-0.16350481527919417,39.40156837318015,788.0732443231842,27.466043390285037,1.299783197509378e+17
3.2943143362627496,-1.302703260172973,3.003759877275456,3.4855382679671623,-1.502017267412585,7.404388927031299,0.4304855169268824,0.5053907502578135,0.17720291571378982,-1.2050019665096756,14.953295763261243,16.329507445435638,7.556459882335833,-3.5474749899103033,33.17347275283742,556.24962471389,22.204755943676304,256474007460751.1
3.3834093958875173,1.781161935687855,3.1181484116093685,2.2856836091354076,-2.423970588856913,5.432573343332235,8.305248080096277,0.23605584624722253,-9.024509622332925,-3.3093399129378835,16.529010934448937,5.382941601171485,3.6823308792181164,0.15587523864480562,16.330211102723435,137.46513665090342,12.662522480023352,12419592.29725541
3.621592200449449,2.3704221230446887,3.122697125891698,2.5539818973745816,-1.8222211920530123,5.645533139246709,14.659607822845736,-1.3607712620135841,-15.27937055863903,-5.5860558486452385,15.97079317551219,6.930591804566559,4.565375414058024,-1.2626598151754536,19.378288536724273,189.1005119386073,14.530650181579002,261740513.33100563
3.709410060216771,-0.01709195470105757,4.003679865312344,2.9796164902631217,-2.359161910262051,7.075228760016006,1.4321046089133933,0.11692420717055774,1.3065297972721968,-3.7141164737564303,39.454275341332995,9.850698344580143,5.143572758273332,-0.8862789905642997,28.74165505060247,419.27377261214724,20.410102180021877,3050207502156.447
3.2196786081224125,-0.8415069068995743,4.529224385768075,1.81484204321648,-2.1180330860755157,6.220786520284448,1.1613980524185208,0.45628631689556165,-0.11537495725866326,-1.8170738294988955,67.29922891090914,3.618139170508865,2.6849929783825663,0.1923731256798352,22.447747658520132,254.9463709895821,17.13878112202228,5635340141.42207
3.192616477047377,-1.731285432931216,2.998976477272721,4.352712508194296,-2.8039683770580313,6.553339614471491,0.26389672028876676,-0.3554389865858111,-0.5280687488407441,-0.3447728796859286,14.523137751947207,37.40761677132683,11.730150040242203,-3.399214944032277,25.076853831087256,319.08504782395636,17.700540053457747,78113561168.81586
3.3658661209052965,-2.7641525292164557,4.169009157488008,1.7108124553455792,-1.5190392373898614,4.9884418625527065,0.9163345765125439,3.1411167231234174,0.05891646456396783,-0.5010602395114672,46.36871175528319,3.077657986815785,1.8104011974035914,-0.19981716705356212,14.12293250516008,99.76347467002903,9.451767469970843,1366147.5819121874
3.22530127071687,-1.26801994584224,3.56534788871566,2.495848516136687,-0.984784970145451,6.925242309490486,0.6905790129210047,-4.667426266652014,-2.530662954405122,0.9837215738177539,25.51359171636318,6.742243783591022,3.6669596545111007,-2.2164335424254027,29.03410565358934,425.9783749180693,21.192994324892332,4086382992167.8926
3.203304403193958,-0.4311969710871336,4.351102204754791,3.145770120644196,-1.7639981702081495,6.900255828624617,1.0046359006798031,-0.37118603233067304,-1.4307900949214165,-3.503563910393741,55.723697357760585,11.752966748193568,6.636636560634793,-2.3758129577640017,27.700222409873213,388.3644481201112,19.092572116935884,1076566683955.9706
3.512035967294186,2.646178997668357,3.63016757219784,2.501855655657423,-1.5730825813498188,7.637603561813686,19.18094375376689,0.728963634101274,-21.582861899167785,-7.129024834533661,27.563049925609448,6.080584374013255,4.047344164988795,-1.7492287223570169,33.78148377800405,576.3679727817757,22.729384699452023,471084907847119.5
3.6413275452291116,0.4051485666072935,4.664980494039057,2.847174975241965,-1.926283881284309,7.696133327576677,2.067625629261866,-1.0030946609974096,-3.0551138653417373,-0.5747982447849634,76.82433024264014,8.324191829654405,5.059906408353342,-1.6007179548571373,33.80578207907444,579.2580996816043,25.09378268008956,482671670015237.75
3.255766961558058,-0.38853293042413606,3.9555708683709687,0.9443167834361823,-2.172130156072729,5.785143603358062,1.2240879209534112,-4.116885430652186,-1.3612812143198003,-0.9392749249756027,37.99929425747026,1.3797649958766254,1.4734541100332352,2.2614518516831743,18.680447009480314,176.30862114481954,12.235986489899668,130257360.70587145
3.4673535965449793,-1.2893300249651996,4.675702440932268,0.8479040746146271,-1.6902354918676943,7.282708238886114,1.2141135017373843,0.3970465835192397,-1.159859961372896,-0.26570954317797196,77.38858985153797,1.5046454935209725,0.9057617330066257,1.261256676487339,32.065521416681364,523.602710096324,23.153463839676704,84696644779837.05
3.4832381350910597,-0.8158409009272685,4.459093333956183,2.8484028483619124,-1.167712715292764,7.513530205392598,0.58257159816601,0.3385571435969118,1.0080186566888036,-0.2764714218000357,62.74565076288603,8.229247785732962,4.884309960497188,-2.702915467060062,33.54515273456475,570.4337559566957,23.609890405658504,371930610428471.2
3.3948700439198416,1.0919178669359033,4.175605461896608,0.13540930848282384,-2.7994387962151412,6.161867563410484,4.740899397839066,0.8717332599753381,-3.47592006302824,-2.129774746698052,46.8366092393693,1.5319142128791174,0.8107641666976824,4.247223943357639,22.651454674065427,260.14599873234755,15.105544766377951,6908582873.242121
3.5337827309887686,-0.3598521867140543,3.652770788465658,2.223996748994906,-1.1654559242007252,5.649170738910643,1.1370978059046322,-0.199857326313067,1.260652111011975,0.6637630918614288,28.11646992641993,5.3683409458388756,3.035645267693509,-2.1394881992024377,17.965482970168118,163.1870415232392,13.820042047611777,63723152.295745455
3.3764460434445587,1.5668096790715587,3.9654968039581546,-1.32208326681643,-1.29321881166313,7.217638938774565,6.69670526934558,0.7857767351786982,-5.139284732411989,-3.0644956778648584,38.422523360249116,0.5312800619025944,1.4692536891950163,4.75233729916761,31.10696265573824,490.8551274111113,21.92112609410328,32476515461356.156
3.455874693448853,0.1983616345347637,3.3159835398828004,0.4259247320624451,-2.3971637302965356,5.257172519983812,2.2334551735078922,-0.4182836120942401,-2.0936105517122217,0.8684293406583526,20.348240212852893,1.2782853814465995,0.5336787527697096,3.5344586553118353,15.96198387594488,129.4105146493086,12.037161362328463,8593899.158154154
3.1989184665793524,2.167858594850341,3.641999066910421,2.167605978144855,-2.907472983285373,6.076397537151047,11.829262634366971,1.1817916741348349,-12.664772298037239,-3.44006823567126,27.326489520982065,5.10763648370626,2.789002275089271,0.5573352438392467,20.930113818761825,221.8191660158132,15.861020369923937,1235435649.147005
3.3175335087732867,0.10128598551267763,4.6485507220118265,1.690146804727347,-1.2015843123254053,6.531545810151605,1.8635057942019086,-0.0008297050414852838,-1.8605101778135142,-0.9909976715163036,75.5732659391856,3.13292144604962,1.9860822938253913,-1.1285811919218096,26.322092483437242,350.61981950275265,17.89919825344553,271348055266.53857
3.5334402952497697,1.7778586315242628,4.100519403802279,1.2850578012207112,-1.437289040251263,7.057776639098671,8.151556448120957,-2.2041280500566485,-8.49908465169577,-3.319108493371148,43.33753562286008,1.7934647175766636,1.4290171455011689,0.92184819517438,29.71095356413747,448.1350380581113,19.500204533192882,8040635604405.152
3.2869167486095274,-1.1279380547909226,3.8481554931472632,3.5642997983193223,-2.1081884346936635,6.309575068067879,1.1093324242667564,0.21526851310323789,1.0333450469226928,-0.6315299507671694,34.28567382069794,17.3610983910901,8.145435831819023,-3.023402335739551,20.90369814355151,220.761350452104,14.340413587573055,1203228023.430111
3.4234836315138435,-0.332615281518454,3.646621224505356,3.2679917270418697,-2.4670988190298253,6.480268566082375,1.2030206923697542,-0.5067365233314525,-0.7852629152688744,0.17408883798774355,27.4582493392156,13.35187807068239,6.457498431834947,-1.7604982399607034,24.09588613091808,293.4875114165722,17.94671465958181,29288530243.844887
3.4125328788413496,-0.9906951739501104,4.350296558848912,5.829639195814284,-1.6355573918495745,5.480395396913905,0.901923121313635,0.5625268038192014,-0.00962438385122244,3.273460799738737,56.04651615525355,163.03036479525423,19.940624883577115,-7.248078942438832,16.908204488483584,145.55264479366608,12.977510134388865,22137086.027306423
3.2172120748872493,0.11857411933937347,4.011301044326693,2.2091690893269815,-2.00226584911277,9.266314386547691,1.9766742716305217,-2.5178208072149806,-2.6571789685532083,0.3340288830799071,39.63224663563008,5.196018973607921,3.6922361053339903,-0.84384926307942,50.48049620806537,1293.5112405503876,37.055997564755216,8.421474589557859e+21
3.299400338554796,0.1421808885426122,3.4165218598766636,3.116446136723961,-1.6343248274469089,5.723814333055364,1.7383035295411557,-0.8671032000261351,-1.7678046486082624,0.8739412385125924,22.41938734981737,11.402621232349393,6.141571315846196,-3.090634037217602,20.02449035663081,204.570310891092,13.853192557889779,499473948.28125095
3.474297028303439,0.31504646308429196,3.4198151834039385,2.10188315031269,-2.503890747506942,4.66624238403854,2.582233048629107,0.9020351453480674,-2.0841108618388144,-0.5348696817145366,21.9302922616206,3.9242224526369074,3.329994688849853,0.6282728602555258,14.178310844714265,101.05630761368883,9.577999277884881,1443935.6551978744
3.1744629461963307,-4.374820747412842,4.564776051371324,4.160632226669314,-1.813962748617696,6.263860495374713,0.8905769831425034,2.945734610146406,0.8760930524882354,0.04230333153113069,69.10222373441415,30.96314725998398,10.309706402180003,-4.62702717291581,22.858969188249898,264.74942217656087,16.41109982921799,8501809560.297103
3.5503426098164717,0.6393122674703288,4.56111718256718,5.4534371158891055,-2.3179934203416237,6.129183644269098,2.7259060172375893,1.1619461944977245,0.06824550812411756,3.9513802987968756,69.22427938478292,112.11772015203977,17.275488834049316,-6.037782312540085,22.51929766519548,257.14287861158545,17.46529156283498,6053323599.399943
3.200751016793495,0.9764749943598628,4.142636821471629,1.361551938689837,-2.618268228761972,6.552537123635986,4.224638198197223,0.025481642516127445,-3.6772325926621923,-1.4385649570629409,45.71402250058266,2.4338659162477185,1.2168119220470224,2.350540817575302,24.72382134845057,309.6706285104463,18.024549719986336,54879023984.788506
3.2746596407633337,-0.20939185548826358,3.078660114865336,2.109215757630439,-2.0226157181764144,5.05428911782744,1.3071184384636199,-0.10964712147220221,0.21526911374182767,-0.7818371981737495,15.91298474247938,3.9621907038603137,2.7479418174792,-0.323241294928275,15.038875579227138,115.49219341661646,11.88311004329612,3414182.737988881
3.3366832570215106,-0.1892722469707784,4.24884769030686,2.453291272131551,-2.76004385107796,5.079783434958048,1.7276943555289037,1.6923758672805775,-6.358789254239374,-2.079857402450753,50.57617725800894,5.8075177883264235,4.383238287103988,0.48230585884731114,13.96707505390929,96.99691464758756,9.254944843286198,1168980.275290785
3.458875288717352,-0.6028179724967504,3.6199029601335924,1.8419678942393407,-1.7702025927799556,5.134835755028734,0.8423874977509334,-0.5326543146151642,-1.8233882554626866,-0.28964666498623076,27.245730597603778,3.3240563468676503,2.7409869757033607,0.35383254309231815,13.956994464002664,100.37328611104957,10.109054261687822,1157259.26425039
3.603821845610274,-1.5583997467225643,2.9967693168678378,1.15940045670297,-2.251800071585205,5.379058160806228,0.5482044118648635,1.5493353562334142,1.2300446408516557,1.608851800032625,14.133493999268115,2.203377401223655,1.4525443893446779,1.5833029949392152,16.225151132140336,133.93617515093283,9.852203614814064,11181005.62752881
3.6295671158770357,0.6160644844418196,3.882503337221359,-0.1279639570535629,-1.8832343259597242,6.286579847381697,3.4274469836031747,-2.5673542505702174,-2.3490515453432743,-1.6406538967842514,34.50304263683986,1.3189748035638187,0.13810280677266074,3.7388424710402917,22.43993001083622,256.5208713353177,14.961965602318388,5591456834.820346
3.5284559998477314,-1.3534318909634266,3.750732662772706,1.4924666743927726,-2.7366841471742043,5.666485277731214,1.02491945636375,-1.707242597176253,0.20224730383884298,1.3180035866229973,31.157240663897532,2.9645462888970475,1.5895300236809986,1.9301189765233073,18.624932457401535,176.72840669760294,14.090554502421737,123223231.7860313
3.45789396264221,-0.8167464031354332,4.060428163432824,-0.722697826741542,-2.4828278308990956,6.694345791253897,1.533166118856803,-0.25388882987947203,-3.999656527238534,-0.5368390305973142,42.20451459766776,0.8816823631016822,0.7588257773189064,5.73436100144381,24.6446747194618,307.379272838314,17.27152840290622,50702974386.12525
3.355996646833952,0.34800952883568437,3.6523150405663607,1.1700177092551776,-1.8702264022478383,8.541332619930515,2.106282417244296,0.49832775244444066,-3.6124473296330173,-0.6581833020980214,28.316332441066233,2.068592554974901,1.4801679238079215,1.287076873113195,42.422726628745785,912.9142354041536,31.451462219197698,2.6665103751745695e+18
3.4412958169679,-0.08639108049034802,3.7289900029551473,3.519010216615511,-2.6458827193309427,8.106025210771353,2.052653573422531,-0.4941667303260715,-0.600709452683642,-0.13468815276324547,29.85355534054037,16.84269770066903,8.014719439804503,-2.3367478221457443,40.908166420923585,847.3447255485561,27.682880540555587,5.863786334815479e+17
3.4884084491969394,1.117208970655102,3.690010341692617,4.026856555298275,-0.9241313559478637,6.995162776383709,4.909029697580858,3.151268112862165,-3.655999039705659,-1.7056675310520992,29.34199985963848,27.19563908529979,10.308206909417954,-5.773174880948906,27.366637392877895,380.4765146755112,21.85672362258555,771199614164.668
3.2483215486712775,-0.9532157527250908,4.132658361228878,1.529664746234759,-2.4010388929204747,8.120291362150514,1.478683978647731,0.395047288813241,0.6859661369856617,-0.8530662927014063,45.49554503444912,2.903876539725265,1.9432345451252129,1.556525695848328,39.40479932638696,788.2820954988096,27.59386895806035,1.3039895277684717e+17
3.222873298180439,-1.020399278104126,4.144251581231321,-1.5524770843799542,-2.689435483947759,4.44566642328768,0.6797401761662591,2.169131386503792,-1.4385957724772933,-3.346908004700485,46.105486628638495,0.38155980263050504,2.1682138465575953,7.893886853904862,11.053951799112472,59.885053519776996,7.695281253487566,65960.81364370321
3.3683095591526624,-0.6047607856325742,4.4958619726182505,2.4904508657038136,-2.200047169193444,6.653420865082399,1.481998649539939,0.8010267728061564,1.4643469440085646,-1.4126824920309369,64.3073624608503,6.677344718571978,3.582644818006603,-0.9511777096727149,26.449457545110427,353.0062852913333,19.6937329663756,308205693234.6773
3.7102125600379874,-1.5090834999718512,3.900452094299911,0.7734031049589027,-1.222639523775804,6.345795893544786,0.5695370681501235,1.2380285943395821,-1.0766266005151786,-0.8839092967630785,35.252709913350735,1.5727165456934433,1.2810461682198941,1.3403300843867125,21.57858759105238,235.28626956004223,14.925639147086944,2362918342.5567527
3.286425495987261,-0.8800382849260567,4.340923568098036,2.231908940147387,-1.9779786427450012,8.243400132088457,0.9113795179735481,0.089004662146515,-0.3026249386248316,-0.30204510576800325,55.04009798934586,5.26847843166427,3.264965537661899,-0.1308519612398269,37.73951158990636,722.3882414262574,26.287447276727352,2.4663166162323264e+16
3.42030366561888,1.0446598618528036,3.9717217293577205,2.5983910482866444,-2.2539399377282816,5.592817020240504,3.7570851463154473,-0.5487757587040459,-3.5542664627362353,0.6948657896416166,38.170988453157214,7.034403896186182,4.027002929032045,-1.1145817249151486,20.943813447502784,221.32068560573586,15.789273963305087,1252477119.946779
3.29358937962245,0.08621187471838043,3.0067292376415327,4.251681318970982,-2.988043964560748,7.566185809717016,2.0902307878371333,-0.03615133311015383,-1.653587975505089,-0.6906003845883338,14.444030637638015,34.408881666273686,10.58555187760317,-2.6934039131556484,34.01182542812299,586.1025375406683,24.145693908113433,593110071208950.5
3.3350544526231607,-1.1504136034618981,4.665421425023151,3.8046310788618216,-2.3549542571148265,7.515868991555067,0.6863196132291142,0.649958450131726,-0.7967369841455602,2.526545806018397,76.5264258625206,21.550386601699945,8.366126881399003,-2.843540431058628,32.12094911526492,523.1720968535124,23.82134272890798,89523726120506.2
3.25952192699185,2.331284976575452,3.9917895969857384,2.3051922186557503,-1.676185484499009,10.00010702263536,13.621679094431615,3.0030810602014544,-14.869472054087375,-6.875327590227134,39.37984059015463,4.881465202459998,3.603157113484541,-1.5472756220625508,57.609656867309276,1684.277228082746,38.53156019538278,1.0508561675602408e+25
3.4828113052797005,0.16099580950888592,3.4862696778340814,3.1298807844319967,-2.8356806904219103,6.414539184539965,2.072180637083787,-0.1709991705414656,-1.287683715756605,0.16162212937236964,23.35127134554864,11.496664283780436,6.048771184750625,-1.2268755098678088,23.634860519065587,281.91456668808024,16.85834209884261,18470416944.37275
3.549326038917588,-1.3096591790149386,4.593200445026419,4.201100348663748,-1.880014927810188,4.762374456826121,0.4571248471834841,0.6344091931697178,0.9811718671424366,-0.3755863397561158,71.12111475878676,32.68522071844588,11.044990586228895,-3.8870996206394257,14.034920614638523,101.17397182773443,7.9293538021941234,1250987.6424928657
3.453377434374407,1.1677790415517386,4.601625220796284,2.0075181562060256,-2.2706746080844202,9.249037827547085,4.635489493941759,1.7513832113145407,-4.304331082835395,-1.6023683199089729,71.52017269455145,4.385857096796039,2.629606558750732,0.016465405995361088,50.60569826734271,1299.6156547282153,36.59911327330497,9.544709305931527e+21
3.663454727010028,-0.6471016264316719,3.6217867656717386,0.8665651577539997,-2.3373046218753615,7.312130382350054,1.216022162498939,-1.3307780677858234,-0.8076687272080688,-0.048270321224633345,26.950063316959273,1.30647727782209,0.44139215950172567,2.36914354298196,30.45363093041562,469.79779122315745,22.60093887864361,16897834905460.227
3.5553816884599874,1.781672570539182,3.2629160704786027,3.0331879898071508,-1.898740479011189,8.963166342692805,8.57750723595985,0.42983449223466363,-8.74412052933143,-2.4081800858766087,19.33048022103863,10.544910435188918,5.585449808875039,-1.6500769961813282,47.75297683754561,1156.9449289438417,34.906830612293774,5.506067493379656e+20
3.4162774919799865,0.8628510937286179,4.673415870022076,6.829407636030873,-2.4757481725857806,6.365043000491946,3.488414893625286,-0.31161624913382746,-3.021036622578245,0.6945551011559676,77.77668832957407,440.7086169909255,26.90473847706716,-8.151552809800242,22.131085982137826,247.32399369959103,16.959521898091747,4105779465.4269395
3.3999496921879766,0.03146147769223818,4.002966501536232,1.5567380222688088,-2.487432073150024,6.699002209400954,1.656959677755575,3.3290870719117636,-1.1238797840979156,3.6074509264407864,39.55003086798636,2.5659180207547934,1.7656328336711427,1.85935027550696,25.60362628826499,332.5627603949138,16.438522028956296,132282017330.76898
3.357699285486507,1.6853931280355725,4.6924453580601595,2.069256773775746,-1.4673507688818113,5.705194841478616,7.930327114802451,0.4505785921338124,-7.515494888164779,0.7105725808732699,78.6986942146239,4.529597969199988,2.9405263239146766,-1.3620546380246856,19.18696297950379,186.16046694935895,14.491504257644682,216161985.6610352
3.309204734085489,0.4422090663805174,3.8730141066288515,3.6803506455985193,-2.4070758658501314,4.8810335977184565,3.014119985904679,0.8911925110382409,-2.3482265548437793,0.11085054002036843,35.22693870093237,19.441208616854222,8.072606537582665,-2.6292240931717785,13.873922025774142,97.39840245410407,11.595811114914625,1064971.5711469378
3.430036745831584,2.4616238258929983,3.418847839223352,0.878045119725237,-2.6623286054763398,7.202987257362885,15.657479816799873,1.78308352046552,-16.652059434588423,-6.502608035711031,22.320239221870786,1.929013883635236,0.4525167410528409,2.5138071133997677,30.056921066226693,456.8219768298912,22.075067925644117,11364286074553.545
3.301568910320277,-0.34787707213982116,3.3988148001255896,1.9535172114343924,-1.332357137821196,9.120884759584708,1.0289951909584056,-0.14860310509395513,0.5452289799086523,-0.7155214921241386,21.92065883154842,3.8763220158256315,2.2219320250499974,-1.2286991160780067,48.23061482898057,1179.723467804729,34.23392116521381,8.877221875798916e+20
3.3202492636294414,-1.660610271625697,3.522178680653757,3.422960699465594,-0.8112441015667287,6.63454444143167,1.1606727073333063,-0.2777729692212888,-0.5132485311303812,0.9661830231742863,24.103906274172527,14.634408441939291,6.9279101125429055,-4.725286903998713,26.52583214432741,355.9459586106573,19.305909769283282,332667001589.32837
3.3177615061501933,-1.0801081380191264,4.21914682133855,4.270114322953334,-2.737067495312515,8.605735299639385,0.8954190908656763,-0.024357056202813004,0.46281176769649884,0.29441561945510697,49.37016136190985,34.5713798562902,10.717898936632183,-3.1445199698584405,42.36160829410237,910.2118601924394,30.46058521840492,2.5084180797455805e+18
3.3286518426293967,0.5602045249948385,4.089739728250321,2.0717264956577823,-1.7179278517236298,8.345635345122522,2.958259091912097,0.025045781312090624,-2.7298626917872775,-0.41599194343565427,43.38641808962211,4.695870246965294,2.6417308137413915,-0.9072684310330289,39.89046316490323,806.6307536842139,29.816530633641456,2.1193136179358714e+17
3.5682455183314405,-0.23140578531245184,3.6817480634656374,2.090375971781435,-2.9537603614640737,8.504184237842415,1.6364852702123476,7.060951117392214,-2.7948888202635445,-0.23016166810710342,29.117322560616618,4.397414817420744,2.6893751935751746,1.159063832736066,42.244058138293084,904.3132366866377,31.004317510533603,2.2302242735904742e+18
3.269811218195397,-0.2665470945493014,3.444075960799382,2.443442271164835,-2.605795764372363,7.751281583728274,1.7846695586407328,-0.20306761568079623,-0.8026338665360491,-1.0514524699799788,22.77872253650663,5.604106258548905,3.898888667388987,0.3464881522796438,35.827961854456376,653.2930391393473,25.933031585791355,3646475726187844.5
3.138500225538082,-1.697728981920321,3.32421776037299,1.8619694710131136,-2.6351792177000752,6.295223801968339,1.0899715625261588,0.5220349741079993,-0.20515854847707082,0.10703638073351189,19.902205475336995,3.90564196754451,2.258500441926257,1.5122843022836177,24.219158798159107,297.9549284618398,17.86374317069954,33130975094.665237
3.6979862052682284,-1.1323173320979092,3.175069014774658,1.9582251117489147,-2.095935278022151,7.3713517113917995,0.7220239828975387,0.2242652892998908,0.7431094509862084,0.9178354028072243,17.244473924372482,3.5870355840082415,2.302456453625309,-0.15254376356496996,31.523620476278147,505.23609625347336,22.139010903068026,49263086471580.35
3.379710639494786,1.2089131722547926,3.1649725089205774,-3.351112629786238,-1.402431065765446,7.114940176958381,4.9887034363110105,-0.643171491735617,-3.6952564353069004,-1.7390818611165453,16.73272258570538,0.7377204402117746,7.281620434518229,8.800226985393106,28.409002913052458,409.5951067146665,20.894287723169747,2187058492891.7078
3.3370494206193366,0.04344569734159995,3.756135235493269,-0.35240132090873466,-2.42273023299568,8.826608617423014,2.254541630399948,1.4622203810522436,-1.157506735601388,-0.11635499054018783,31.05159647116742,1.169155710803134,0.10582767650346987,4.529279199007426,44.93217086367886,1024.225097385311,30.923740942429504,3.279299340657012e+19
3.3612711685123418,1.8901577292937237,4.16011637375825,2.6643358417990957,-1.3686870246225877,6.98177369092196,9.540815163778928,1.678016313065445,-9.641114813069434,-2.813063730457396,46.14321685917819,6.843711989874087,4.73984876243448,-1.8211843895666073,29.279010211460278,434.12909001681516,23.18236326190459,5220351739447.139
3.6491688911105715,-0.21028869378911608,3.2626731865627097,2.9744408882694615,-0.8853701524967543,4.9962898948027945,1.1381322128302314,-4.018680819107011,-4.582937185710586,0.4626122107478254,19.187151278408884,10.172630161705598,5.901747848468128,-3.749129406711161,16.35675864158564,136.27323769569415,11.17267390582671,12753710.69984273
3.2678855232792747,0.25878333102165907,4.247007804263157,4.028152956515872,-2.096795887120579,7.405633719041652,2.383671948667087,-0.8328539968984258,-1.5921395367348983,-1.3991575569236463,50.60407863301627,27.73591348912236,9.969263550933155,-3.3164635997102443,33.55736617625778,570.8483344177665,25.47110278693939,376501016634492.7
3.350745872812672,0.7051070472935648,3.656163196124413,2.6349046247930232,-1.7296212952565857,7.203696527856319,3.056774550072184,-1.3074692498101699,-2.0983971110297244,-1.4499435136055272,27.626201380565576,6.996075072994732,4.291272120234917,-1.150969752427117,30.649286491942117,476.5689497693987,19.798572051476274,20549591515315.754
3.3509773591002245,-0.45144169994054156,3.022358874917702,-1.0306098245043707,-1.0207575119338639,5.344182264640962,1.0734266811612305,-0.5185293700725493,-0.4214463706798269,-0.7702070310330151,14.869392224559553,0.9801831975821786,1.515120410040685,3.6972173824330428,16.70608651715502,140.97695060022062,11.22322124525273,18086280.692824155
3.608530492220509,2.371583842830284,3.295952633329246,2.4446790712779793,-2.1870104742909846,7.045511835475534,14.249684970282306,2.577083305513292,-15.683465966972676,-5.797389768234702,19.6183495606499,5.99326033937719,4.018439737090494,-0.18886743419674645,28.9387527259885,423.0370574561868,20.573732435212563,3714734829114.835
3.460653554982093,0.6893756707292913,3.209840313871573,3.1874352397504033,-1.1479569170061295,6.147720429349422,2.7124893482098216,-1.8282806592904985,-2.8249443652967097,-2.2597925792592513,18.220154383347367,12.51608123022212,6.562442705857539,-3.8099586234772125,22.792043247748737,262.4647102069647,15.669151436914417,7951440402.14327
3.202761222830673,0.4659576877606884,4.606689509103823,2.1871220078886147,-2.7039143620152144,6.156853674204574,2.2027609674103203,0.9518518253641369,-3.0393619286705196,-2.226868432595779,72.56999658284134,4.869801217658231,3.493197684847547,0.11741775392030139,23.1572626811289,272.0374760778686,17.88418360291344,11456675011.721308
3.258265586801679,-1.361949413765225,3.383067373833277,4.192767045410394,-2.203497325395665,5.790407310881021,0.878539836520614,1.0842556662890284,-0.802344359825394,0.27098256115382635,21.13849183031406,31.796246415319146,10.896217804144825,-3.848743867235968,21.563815006702654,235.97498019563045,15.256408460030816,2328268430.7101536
3.5115875992881196,0.17660866757477559,3.5121001192811923,1.3894964654565598,-1.7767620598551421,5.319628563193613,2.16748012387266,-0.07664068056643868,-0.6188539841727425,-1.8524343524894031,24.107681718226395,2.3227318069047547,1.3475670944376428,0.6548058396237078,17.24949219461599,150.72127816235218,11.12252701777423,31141995.02627815
3.556475685601181,0.22800453030394524,3.1797837404450395,2.852330377096493,-1.5560921552870426,5.749308111076498,2.109763708412641,0.21066152177856423,-0.24856524661446566,-2.133406927008001,17.000292185923588,8.496077930400794,5.506365730320218,-2.3441685195911637,22.794670327405633,264.3561370367633,16.44144537076183,7972356938.673336
