feature_0,feature_1,feature_2,feature_3,feature_4,feature_5,feature_6,feature_7,feature_8,feature_9,feature_12,feature_13,feature_19,feature_16,feature_10,feature_14,feature_11,feature_15,feature_17,feature_18
1.0026202213345998,2.7095444738376564,-2.578170094311099,-0.15833088136889334,-1.4936445470925417,-2.555911334651501,-0.86498399748883,1.0249949716409419,-2.6404729705594514,4.6570565299278615,4.219891206133886,6.623743739042608,5.2719489587071005,-0.2940071557163947,-0.10341373381481778,11.865560901558966,-3.7013127988002066,0.15226354394818292,-1.0192922695174957,4.363514427124845
1.2925195896047241,1.8913871053546774,-3.669565301317829,-0.11127893490575735,-0.9101845356388942,-2.166374807123079,-0.8581814115983789,-0.5648684245224102,-3.622706976214647,4.384209555067407,3.813775067824762,7.035771847219046,6.44464615682233,0.2859167504748105,-1.6782227865931618,4.4010720258901666,-5.26765151102801,-0.9719735300747815,3.868532522949492,4.238678376294332
0.9791554425632398,2.0272703643733183,-3.0443238304922677,-0.5533475519233702,1.4097622148899063,-0.9374708351527943,-0.881926185740823,-0.6400217194612934,-4.524778534835436,4.310323292224051,4.116983528642415,3.856186275443957,5.9402767923805495,1.6228488236690815,-1.683394627276447,6.222138435834981,-5.079918369505769,-7.182199496117448,-0.45107870656362264,2.481790188431404
0.8018754923711646,1.631575891099584,-4.537336707751482,-0.06295796728964254,-3.611183907656805,-3.999033126229301,-0.8855056633792331,0.8731829388848715,-4.454048933436644,3.336441536002192,4.0668008155527255,4.103568924387908,6.192046184925706,0.8847232318178009,-0.8288650236321695,4.407243174175529,-7.063130638454896,1.0789577666340175,0.8427927111011241,3.505465461531419
0.9710598682509186,0.6789308216656622,-1.9654936176271456,-0.04695718387580372,0.6336891427699993,-1.3899636734488428,-0.7831105967198217,1.0823774674476327,-5.351622578325145,2.292781354024755,4.308294488065785,3.3244261869697898,4.8742557405960705,0.4929751608572899,-1.405820382436265,2.017078635426236,-2.335082159255557,-1.6396091126700159,1.630777671691809,2.8341131868921967
0.4964010115901077,0.7267556241634134,-4.557472814419853,-0.4505882677001176,-0.2719806641095377,-3.354621567027026,-0.8464845608861581,1.8635083239248025,-4.550392030495925,5.303161220163336,4.389895456327096,7.201907332261693,4.359803413104116,0.21153730567592247,-5.339617216163379,2.614221033521485,-7.018405698675639,0.5575831019224498,-0.501006965315477,2.7597363086393574
1.4084906021385506,2.3146303834425543,-2.359798368360696,-0.22469427305024753,-3.0799501155295435,-3.4101252894603684,-0.8444062246439734,1.4652190478881577,-5.953061186717244,3.1355098662494134,4.65928562100942,5.1851826862650325,4.758032758923302,-0.05769090374804198,-3.3551059708359405,6.926660910457338,-0.6004292657351769,1.6482859739608668,-0.776596019878773,2.106585462427502
1.0191898187668862,0.30733997514040556,-2.5370933126958954,-0.2870738410976631,-3.726515799662218,-1.559088271057084,-0.7398496924050246,0.1482585791385458,-3.3210601663557258,4.282426406727275,4.2756275164239606,6.567569010654715,6.241966940773466,-1.1831699380481941,-1.212056041525435,2.2025663368148933,-1.3203078147358143,-0.6362282010297243,-2.5511203903392907,3.6960704046184296
1.4500010595640553,0.020501147861785363,-4.247714032962124,-0.2397465554685958,-3.8815565064983764,-3.9060713979604977,-0.7044349496888337,0.569331489955532,-4.5529386036167265,4.524503804715098,4.060635534840681,2.8740222260055193,4.813231040406058,0.6248959807356349,-3.191847701092228,1.548667607336287,-7.1408132204977255,-0.07036898442633006,-0.39346501578785303,4.2825094448754575
1.923519817928373,3.407506627004809,-2.1671968816897573,-0.5448701087199355,-0.4883109538571313,-1.8245508665239853,-0.8557584207175519,-0.9496143276137352,-4.153453857949766,4.27854122669553,4.457150221320654,3.0605875420235575,4.76074727437593,1.6582670604678698,-1.0236730076905287,22.928215764737033,-1.8246359974209283,-0.3730357572484153,-0.33375175122622314,4.105187817036462
0.6690159252945332,0.6936805139103113,-5.706606986806935,-0.3986658454003752,-2.69091954364987,-1.1694465521576582,-0.8354331301655452,-0.5452224915417138,-5.325440268205375,3.7183532979014386,4.187749251813763,5.13139798987713,4.997160940794362,0.8260669704855756,-6.7751435015963075,1.0309654802818273,-10.658310044868244,2.181860582701577,0.30911274213720263,6.493552889698026
1.5647305823848376,-0.057011511461704245,-3.5358757164627836,-0.1938568116087072,-0.47170647301649304,-4.2984796395240235,-0.75341728461386,0.7144362720931992,-6.141152710073374,4.154812759569132,4.049829744294832,5.766748996473646,7.934540706977794,0.6060823325006142,-3.4602882929810495,0.829086595282516,-3.249362400462556,5.1473975677732575,2.130914741276205,2.767448370200488
1.5480559806024166,1.2096391749663125,-2.8240217734762445,0.006098319982792089,-0.9647368884975982,-2.508464443897474,-0.6896692189481569,0.5162828705303968,-4.458242999822173,1.26988407541748,4.452871965814726,4.907214200670879,4.985288152808342,-0.45793615784648817,-1.9468862029651939,3.8067333592193577,-3.1299025836872914,-1.3747125897498131,-0.12124716879985684,1.513079195328055
1.6177623427957974,2.8262323818540187,-1.2077699784588818,-0.07333675224838954,-0.715180665127582,-3.0247160802149384,-0.7596746034288815,0.7919981232775772,-4.231267025347206,2.6487611196457124,4.175072767898251,8.101038796018784,4.420331526084295,0.7496390080851698,-4.037579875371857,13.651331315468564,1.7455039899934885,0.4988956416178141,2.11452556630271,3.324990473841117
0.6147889947133667,-0.20405175091560435,-2.1787758039603413,0.1991775665939708,-2.944020728867564,-3.839909230611367,-0.7886207536123879,0.21369839237597454,-4.0015344857199056,4.299569819803542,4.629399481909195,1.38609120502155,5.813345036124727,-0.3493863609383705,-2.895618619954841,1.5999843741047575,-1.5223565904852172,1.4264618568664125,0.664171176349914,5.763216905587946
1.316090096467278,2.4431127255265945,-2.525122200981378,0.03631457632220669,-2.3871401687639744,-0.7987825251570204,-0.8208935304735024,2.632918406063402,-5.359653867565371,4.793347889867571,4.195497362507551,0.6325517392923112,5.1166207908957,0.907849091200905,-1.6329702011880738,8.528373353614834,-1.1249316322840106,-1.8173870527355915,0.777362153663324,4.442399798431629
1.1185073766415066,1.6385016968856703,-2.977330530457759,-0.6039397480703377,0.9692954698051912,-3.048964367774109,-0.7063105036288702,-0.606900903663736,-5.082257384630376,3.156965543553081,4.588451713749258,2.242695502223387,5.145062676672607,0.2572609010976153,-2.277364424536479,3.0614723967967836,-4.0794144332299505,0.7587673081132142,0.4172940893458208,4.339048293736219
1.8622419275990754,0.6637192255672394,-3.468937136701686,-0.24850467141945604,-4.5161211535159715,-0.8543432781763165,-0.8787711657899009,1.6899368816939622,-4.922873869771084,3.601969609335271,3.8863033826888858,5.115638751117926,4.9200947756192654,-0.2056640136654757,-1.7223375938182417,1.9110393202455447,-4.656474730302823,0.8355497547714321,0.36794143289173037,3.4611073204845875
1.461096861023028,0.5924869946378521,-0.33890979753591965,-0.6117027180672746,-1.3871478371384525,-2.971942625021622,-0.8258491879247105,0.1814676716406074,-3.61662605025407,4.031315800651692,4.031961590397394,5.28695643386549,6.027684129190231,-1.4828102098664333,-1.3380262972259394,0.468810460718857,0.5123898244779752,1.847205351615214,-0.47845838052842593,3.170269149154207
1.0405975868156656,0.38588227236867356,-3.2043924699173454,-0.5636635178686786,-2.1032492826986973,-2.914079855759471,-0.7768237705777048,2.101970081232461,-6.962852527257805,4.093379005008166,4.2204803559769335,2.8593216319985313,5.714775276455996,1.2415144278917747,-3.0823992731764163,0.5119194965354017,-6.8615120927622275,-0.6188624588541899,2.835470652667808,3.5262085652666917
1.0484992414549132,1.4102181214987983,-1.3711200009986646,-0.041805080154855845,-0.5538768436907264,-1.339265857270135,-0.7229849232075212,1.3153047622335503,-6.372235954155055,5.93000328986302,4.591101066232121,4.159077183410988,6.223163513076244,-0.3527449859071844,-1.02630386582234,3.1044766313563845,-1.1263539656626265,1.8942369496593567,-0.40408039740036467,4.339578035604424
1.4187286545957318,1.8957379467370719,-3.032820831716284,-0.1285313985022834,-0.20679235239456323,-2.930980668294346,-0.7298589717385637,0.9474521168048553,-6.208430705004156,4.857587915639396,3.815806811487688,6.478063162282028,6.298613455598556,-3.1038290582116326,-2.0170153710683145,5.816056068337595,-3.831178119793102,-3.7835234649028138,0.0016424839807526737,4.770834227661274
1.21130120019442,0.5781384890349148,-3.89959172781083,-0.3011582070337388,-0.6012808677298532,-2.7167179317361025,-0.8490788152767511,1.6046553120560292,-6.737035595195671,4.327191000673839,4.344677840194235,5.028101955816021,4.823125118281963,-3.430405986525197,-2.479231462553466,2.4677691413137275,-7.312598971657752,-1.8879848718902972,-1.940197951139752,3.427380890163271
1.7933154470029615,2.5411023334444947,-3.567396031929597,-0.08614733514065798,0.6177502057678157,-2.9333321451154655,-0.8396584757898833,0.4603308762968694,-5.043155749778148,2.540018996305831,3.961602780068774,3.1421223471333897,6.9274369951685415,1.1584853404358924,-1.4078254865098487,8.618542102004557,-5.691512792509575,-1.686601745427541,-0.009601211084760752,1.9082767746704015
1.0328919675066999,1.0856839506492526,-2.5857249338914077,-0.19928244130888595,-0.9019297200299005,-2.618595790850069,-0.8540851280174317,1.86411023975282,-4.520073447392467,4.097083402083951,4.187271865388446,7.3250621091703465,6.316812105529644,-0.10251380164966611,-2.2688530066230643,3.2745551735880225,-5.048340690034937,-0.3576489115442944,0.5513841036373345,4.315168271086518
0.7194275857566146,0.884529298947614,-2.4621622527352662,-0.39761362962652685,0.13935553569315529,-2.670349660428103,-0.7441728383878495,0.20800052616586728,-4.431743967503427,5.101686287520193,4.2354547355214205,1.6497821195789886,4.987097314796483,-0.3010813328344986,-0.889952824192683,1.960336276671476,-2.369242115351131,-0.8017030469934961,-1.2971417859560728,4.110354985643806
1.3731783072346255,2.603369251024414,-2.6708659026104735,0.03704687559202968,0.5376525021310714,-3.125325547915121,-0.7774146730305418,1.7125724984769253,-5.368783174496876,4.015102391702792,3.9645206481035093,8.396956067974852,6.0386937058072085,1.7374450323665043,-2.5827461028575724,11.15647190609859,-3.3718966987340973,-1.7590857047262636,0.8870077331652332,3.112039844020308
1.1510722287974369,0.45826272733888473,-0.10691087373498576,-0.23255440198990956,-2.2710814444514904,-3.140881465013532,-0.8680328748870703,0.36864298204127266,-3.885994250447068,1.4956797470242136,4.054076716121372,4.533733433867834,5.024737060953237,0.20214392507750223,2.721532017084932,0.9637456086680887,-2.2364454228919657,1.0028061492163909,-5.7513449853811744,-0.19232891646252126
1.192693486887537,3.5526013142976507,-3.859193630642242,-0.08642350684205935,-3.7092585870694945,-3.699336701584113,-0.7526304161131179,-0.11665426851997251,-4.272421071766173,3.0398192616211444,4.74953192790167,2.2838106238435296,5.598945109673723,0.9076788310993368,-3.4025866141501395,27.767557362225087,-5.926137249323248,1.9426969435313108,0.33479256178295097,4.62099634921979
0.8812823179855747,0.7766794717091325,-3.584874266841519,-0.0026085753248554777,-1.6682996972417847,-3.21488711372818,-0.7615954151786357,0.8056549051897177,-4.681288243946147,3.8926420152581165,4.272741077325372,1.4074242852960883,6.9602914848919015,-0.08676429602109123,-4.125258429167831,1.9762534625730348,-3.47976273692998,1.9584857172142043,0.31982772333982534,8.75405017212304
0.5887359234275966,1.4564299412480946,-1.7996095540205106,-0.5755214914291523,-3.138112956846947,-4.1694809890097915,-0.8653083633976306,2.768223978667619,-5.635179230851371,4.631558244442735,4.300805285964314,2.8381162646200337,4.8358122514237785,1.015009651531284,-1.1443442840238742,2.7985961518402767,-0.85266823007469,-1.1215813315132104,0.8141650759774048,3.837594132993746
0.6855646347389548,2.210212522988617,-4.873517994446258,-0.18567855747219875,0.14812478241255989,-1.8521172723276265,-0.7442752734824087,2.1180563036920224,-4.741454078333697,3.7442561678582047,4.623414339202125,3.9591415771831935,5.823394596891847,0.49156512163195476,-5.167335558154702,6.372835198336891,-10.171361706502676,-1.7972930643447569,1.2003122002613003,3.6529605152511415
0.8611699172693281,0.7508872937175824,-2.6864425533899485,-0.41083112628270674,2.7253484242301056,-2.085950892723978,-0.8284352683620371,1.2461889363553942,-5.305207811591329,4.278660841379382,4.289352482725153,4.82992626818461,5.388047927995043,-0.14493251279131333,-2.2289531294515523,2.1600303936179044,-3.333834916306083,-12.855428729263057,-0.3728901253799315,2.8982048104968343
1.8490544784769816,-0.620286839963887,-2.2966492441007715,-0.46047128991476804,0.9726602227496071,-4.225773229390171,-0.8827118022511493,1.6133968586540544,-4.649972407285306,3.092090559400692,4.79036794650786,6.35431013220502,5.537393435114054,-0.8692519336809555,-1.891848520335143,-0.06168684902768634,-1.485182471908263,-2.1902878361324123,-0.21280615616122664,2.422587501174246
1.4605198062411437,-0.86114743307993,-5.060338594468554,0.06386728803604724,0.6680917160934479,-2.9267729053823257,-0.791917074244904,2.1783784055529964,-4.820568528826139,4.331365168178372,4.778407458244757,4.614164822893875,5.964998956475667,-1.4793574105983194,-4.242416429151141,1.0866299964576842,-9.244073710429339,-2.0747598448652815,-0.17166528295332434,5.885813214469298
1.058820755003888,1.8677555939010198,-4.690205430639773,0.1851469090322495,-1.345823393158975,-0.39996362462198176,-0.6863586274633097,1.0740308581398308,-4.360497005644288,4.436203849504204,4.448648852154774,2.6169900753967554,6.279995005716946,0.018558823915128753,-5.179433172527698,4.5946209607474335,-9.041171448030573,-0.3293397280867298,0.07181274544111071,1.0536477517336413
1.0720229828617305,0.3886838816335294,-3.408655803855773,-0.3331154895710464,1.5804080279023887,-6.260697127373785,-0.7394395150067619,-0.6258341330187314,-5.89449581185601,4.894253459761011,4.058111720927659,3.484640008182874,6.2967302071905955,1.4384861018081558,-3.3469153440807067,2.245998123299408,-3.151980046765478,-3.8435630375839587,0.9216425271957495,4.0932844398286035
0.6030201366352104,0.4920123491989902,-1.4030459664547672,-0.12027596815517566,-1.4427647882050718,-0.5956423293548716,-0.7532724269745407,-0.43664696872697195,-4.405705189869443,3.028334740718172,4.062208074085742,3.7285391484242574,4.876937916108958,0.8532649736316565,-0.4147438961822202,1.5658855707461075,-1.2224773159778661,2.6788812778750333,-1.2954746617728046,1.7359761465039434
1.0738704693548136,1.4410269918564818,-2.185045892423658,-0.3121476203704578,2.027053817473524,-1.6076918651678445,-0.7038763377744127,2.328592174462822,-4.746443751451846,3.814203888522936,4.042181464345248,1.91962531647148,4.901092390583015,0.8122889563193438,0.467720437364864,1.9886876724883686,-1.772117871390762,-5.953254524377201,-0.3052699379904829,3.752178401466057
0.94491614867496,1.543668333006386,-3.8462995776754765,-0.06430287067106832,-0.1459296772640391,-2.227586551701423,-0.76638783719032,-0.29130089267672654,-4.449742829753201,3.8274549658696935,5.301448651353569,6.223460801673472,6.02630493949956,-1.4973444968456082,-6.385523279344788,2.9832803966501427,-4.936585514467265,-0.3626899111565527,-3.1273387443574006,4.0615899742783315
1.0137101246684026,0.8487499749770384,-1.5181721636776824,-0.07132490641413392,-1.614291941263128,-3.360439667054967,-0.7032196433191908,0.0829201217389639,-3.303848057312833,4.105427971915723,4.7902528531973445,5.100832130847195,6.693847976818292,3.2267488942962155,-2.5263958366578354,1.6181837466000044,-2.7828408080596425,-1.870060203735444,1.5521177192167057,5.686563242064954
1.6652624672486265,0.656704986471772,-1.5173462031446643,-0.06666050102751586,-2.780934165287129,-5.1628064238966385,-0.8379196398158776,1.8972577287181744,-4.463398707048548,3.7328865079429514,4.370488905048918,4.28370290096648,5.946427329109252,0.3754745001825677,-1.6582177096211015,4.255825478553163,-1.090476111256433,0.0032037309364572886,-0.8670643764852394,3.8662611494493144
1.8794713603538709,2.5200746056423657,-3.8820864677325018,0.07269928703820638,-2.4631281953346766,-2.4268195113282762,-0.7407917976917447,-0.5119535685503293,-4.659150440194898,3.5603293470411614,4.3554402875590545,6.165199626281492,6.554740705227921,-1.6947696906718073,-0.9389742705545299,10.364791558740942,-7.164925217835168,1.1710750274049273,2.245056552102238,4.689842230239519
1.603704502161678,0.6896866686378708,-1.3458590899072653,-0.10250838609799262,-0.3107960052142606,-3.1139483300740225,-0.6943577068944959,0.3986206879655869,-4.084932496283799,6.3756868334543295,3.9586510015062046,3.4986500475048197,5.419970652699886,-0.8233605837651734,-3.2411155169936157,0.8462646826761118,1.1692677716828768,-1.6567762791653076,0.9507627439445738,5.563760988911966
0.9100372515785318,2.729025067943647,-3.629305164430274,-0.3070942448794887,1.9517176693613063,-0.4706061649016382,-0.8544390563128341,1.09824417359782,-4.29284367115178,2.54632883635621,4.468574662745696,6.127756109274314,4.358458749131302,0.608614297460887,-4.286482107220147,12.278687967095333,-5.6393567359201375,-3.2502665728169315,-0.3059368355789974,2.1982825034722873
0.9611861355905589,0.6777580302030156,-3.3335385113617546,0.08938477743054041,-1.9690336589696282,-3.2565822585898343,-0.7693149075157983,0.45156781850491523,-2.794568811077908,3.2393222579085896,4.853366099967364,3.851901938507469,5.994876286084482,-0.20050618713986004,-1.8698633369976083,2.784815763245887,-3.6577031606676713,1.2202817281602245,-1.8306340212480314,2.540246096936135
1.1043746371403231,3.919159565092826,-2.1533236122236032,-0.5400362902743859,0.3740295352390124,-2.5851488789591595,-0.8494173949304957,1.4414383398385175,-4.68260426270167,3.390695671974548,3.9307075261638116,3.824688457973055,4.978499172966819,2.1654539921439944,-0.5531647243159661,38.23526403171027,-3.1696761312448762,-0.48926784577101545,1.3691644059328647,0.9811513117133657
0.8586050623445518,2.020932700593849,-2.3054335856605555,-0.5823720885472201,1.6876484546779391,-2.2541835854509285,-0.8151769404260951,0.6840772294609729,-4.869107362331325,3.2380724989150584,4.364997927264682,5.010244394029422,4.642248247855397,0.5348981082789726,-1.9643451414869493,6.922135802156822,-3.2484980366537046,-4.850891308490958,-0.9220281877372267,1.8338558904773359
0.5033085609343823,2.2527733414317903,-1.385534343976102,-0.4542861016742158,1.972173290886618,-2.293097207857199,-0.8717632963196021,1.324325264617443,-4.854985784079935,2.7387286186347906,4.9075087840155724,1.0394234418470343,4.77300690949161,0.8257042016636175,-3.4085974711765585,6.792658249572137,-2.4022824409844667,-5.068210658119237,-1.494862847794599,3.926115764744389
1.4276326509673731,3.560978832211994,-2.6199949661811455,-0.087728587298882,-0.6140129301145272,-1.822624128010868,-0.8744726377449062,-0.3782198331904826,-4.1756456934946256,3.686003583820434,3.9792905399086984,6.3700067983006115,4.478931573417864,1.1581381107901527,-2.3442798362691684,28.083338197731383,-2.285309767799914,-2.2102240085960907,0.5857644474936382,3.242609442253841
1.7014218145328568,3.711872445399218,-2.035293948860114,-0.0845310121706192,-1.0504573563947428,-5.604246351937797,-0.8798901254648083,-0.9550568027768735,-6.397914804651854,4.8956677500257255,4.240529919531246,4.644601230112774,5.299191609747178,-0.756500417266891,-0.7499124738925187,32.343316509507744,-0.8900544374209707,0.3078732658301303,1.7089487946289865,4.323319147775849
0.7451922528559574,0.8316071705163727,-1.6258226997755127,-0.1536774201679214,2.5742435656964204,-0.48516209009608247,-0.7003387511981789,1.6713609865064702,-4.047968409963655,2.1847910931590535,4.435501555913726,6.695920787733046,6.544537510046123,0.35134407968773235,0.5763141074430089,2.108802197097948,-1.965187653832398,-9.554622350874135,-1.6636445200396368,2.723322929965951
0.915998432413935,2.73984214193477,-2.286677620836266,-0.2836481888112024,1.7287740280920993,-4.324074578481314,-0.778145663824374,0.60532642261133,-3.6005719202496977,4.102663483006956,4.5964819915181785,6.058116477695574,6.925503182031919,-0.4173259871988282,-3.1059228025845265,11.114069532084065,-3.2011613208574206,-1.0519964795142087,-2.0030652644704756,3.5557858802429223
1.0459898500415823,1.4570327368410914,-4.602560614726859,-0.5691736069048793,-0.8142843343407887,-1.629902282956981,-0.8142270043087677,0.06500528247489168,-3.743466092892202,4.2871879608783265,4.839573819191086,3.7769808234949975,4.8717933587637,0.5781148233966029,-2.1787385126285406,3.6139844556446636,-9.013258913918147,0.14924834555865057,-0.4102170190212064,1.4239013216461092
1.6190784029234673,2.5057044955129983,-2.9190619325684724,-0.48513972867970423,1.9735527468267002,-2.8793880409758286,-0.7726879150203866,-0.5292144840099128,-3.7188015210619403,4.370459844568889,4.69651599527432,6.206492450366264,4.761023520592713,-1.3966875761207957,-3.9572097856704125,9.113089484440845,-4.287291114599143,-4.911592254471909,-1.9788924807402524,3.9478764362418066
0.7044354584222936,-0.3378649677652006,-2.236554926768103,0.174695996276083,-2.734519405013431,-2.442335204876073,-0.7230379898599448,0.5878578081902794,-4.171883056205255,3.808010935988241,4.463317598360114,5.744727343742905,5.116702845841059,2.332078465275013,-2.2511687961324784,-0.9041063552665141,-1.4155365062786656,0.6977252554245149,0.22211835744876218,3.344647325687759
0.5677048151145507,0.8764803737540043,-5.681614427760417,-0.07628569353948322,0.5913756425548402,-2.9484569899311013,-0.7666553308379762,-0.4888430512811325,-3.2622012882424283,4.392860392316214,4.540290158444967,5.7928583009286125,5.631994847589602,0.20462159822488382,-4.062377858341021,2.5254210089422293,-11.929693092077986,-1.1551043675537256,-0.9752507406084355,3.335405445964746
1.2228314512182583,0.05332185078834151,-3.4496700214616696,-0.5480327316082413,-0.05396662281322162,-2.261880703133099,-0.8000448882761519,0.4246129945834254,-3.5620117144003753,4.55485031377923,4.271356571121922,5.453333626599731,6.290735199361771,-0.3840155691433615,-5.8940952281196175,0.7677483967138333,-5.441050820354259,2.171518391179382,0.2889983513103697,4.520397386704551
1.3281024750834032,3.6290134494735793,-4.120732171180347,0.02327716394510615,-3.3238763073290656,-2.585388527039544,-0.6906912985743395,0.003346826121723989,-4.887612950534952,2.844099779372785,4.236467419285751,4.234554520493885,6.411745385004044,1.4631455980394925,-2.5740641268115323,29.586220494931688,-5.62662780678717,-0.949767018811029,0.41387027308832064,2.1539012948831995
1.159250905761723,1.124154151718933,-3.3679974176428913,-0.4704040549567903,0.47338585743537354,-4.339982172538607,-0.884761878350798,-0.5286223908710932,-4.276694708245641,5.251424394745419,4.172496161253016,-1.037304056951088,4.781120439807918,3.5206438681898082,-5.078437579335719,2.6850768015615554,-6.653425589953553,-0.29448425948232715,-0.013016195398187685,2.302911948203877
1.8807587863576443,3.1928423786481073,-2.464218198091245,-0.1721733077141302,-1.3356454069134225,-1.1388888104903874,-0.7017942630438826,2.6520512355924946,-4.662047832546266,2.894121765281982,4.7346598266920505,10.331234517725694,4.830265115713352,0.9739661758992445,-4.48125800178174,19.127603857847845,-2.240951201639196,-1.0413489466254435,2.153911038672616,2.3272657730694744
1.6372419440425778,1.8534159732606674,-3.1211223856804473,0.06906331385571696,3.593181951670383,-1.6569843231615442,-0.6881575465832662,0.8442512995071128,-4.594683922118107,5.279242205254159,4.414912042804218,2.442412119300144,5.308886330548377,3.1991680349267795,-2.1933953979077283,2.903770074374748,-2.2015230532200025,-28.34636688238243,0.38116599128567263,5.635878980691604
1.8093608524756872,0.9209012476302236,-2.112269422529651,-0.36221168028495815,-0.0752112863888521,-3.7452814497780116,-0.712268726821908,1.7864228628524232,-3.627614249030519,3.8482537139172175,4.250156043888164,5.813530950599512,4.842896403032526,-0.4686936840385077,-1.1221486915248233,2.319605376894289,-1.8101666523233435,-0.4029930245163117,-0.22654610048456594,5.014204828856112
0.9401319745146955,1.8779114438157498,-4.200516743221265,-0.10537576451640263,-0.8198723895479079,0.09145034716088185,-0.7047927310808217,3.1001826576702274,-4.134358300105922,3.6806579591345043,4.751841785344251,4.822572701731626,6.796066371558377,-1.4119680279952862,-2.122344914004621,5.178545458629772,-6.822152771328069,2.1433210037981225,1.6128094725493645,7.096323731687904
1.6985105557451656,1.3553275564499614,-3.2158384932485924,-0.49020207106543046,0.5945933141793924,-0.472795334718914,-0.770274954691403,0.6751138660511415,-3.8799103851328045,2.886743479927885,4.092028735586242,2.0633224757799717,5.972258573920135,0.16160707591231432,-4.186656895045371,1.8200900148838728,-5.197949735040068,-2.3389520177056524,-2.4182301073453587,2.1654572354498343
0.5899260058162259,1.2787614827310534,-0.7253620865847217,-0.2744667134961201,-5.104815281565606,-3.9362736994747642,-0.6929702309587074,-0.2719913827503154,-3.957573551170826,4.926297539922946,4.190672438831071,3.990749788562384,6.968149708200467,0.8740297994579311,2.6943090582184857,3.319560095622861,-1.2952239559922163,1.9521569622946018,-3.0129933009691547,5.455756682610487
1.8948464997473793,0.7907139002831365,-1.9551481304276277,-0.15251738081573835,-2.23912932982817,-1.6456010026103203,-0.7553017831526503,0.9457041566761859,-2.5939687396254945,3.55498655130717,3.9899816113946085,5.533167767680885,5.830067360651547,0.22870394634881763,-1.7057385944793377,2.2761070759631292,1.541196477269219,0.9816656620083192,0.8316637989877257,3.6317893204527643
0.5772297239621803,2.5512687862430057,-3.132615638141661,-0.5374141601489654,4.0588495652959065,-4.905724692372456,-0.7483189718267411,-0.5177103556036025,-4.027012340046473,4.381371803634861,4.0161785555886125,3.6976482219061513,5.147140560666387,0.6461490472449749,-0.3467984138299056,9.95428198282226,-4.001710576384767,-46.072650111982135,-1.8158456344130558,4.967840485015702
0.7288587170228995,1.3211661508247323,-1.8805292925658708,-0.021687879382917274,-0.998790257003393,-3.1093812435798944,-0.6994028910248835,1.5793629842436028,-4.373226772104063,2.740426993978952,4.416289171480779,11.152669498899552,4.368619699770236,0.14628020563014116,-0.5511008111666702,2.6979339042473978,2.5035720583883467,-0.5352141680140408,-1.0859065337588591,2.6462523717694406
0.8956918622646206,1.5319167258861557,-3.1952551608133937,0.09529153441950045,2.8590500290932335,-2.143395648833404,-0.6923836961646678,1.3697118857674409,-4.996870344082407,5.271785130942323,4.263669192151748,5.506871018960625,4.6095388235225965,0.8209281990128883,-2.4547012510757713,2.5544700581563204,-3.933516685524533,-13.608530432405033,-3.6597420835062695,4.222745781808896
0.8287952753986685,1.967135186281903,-1.1247465694832703,-0.1272622140176904,1.3006008764428634,-2.742282891791691,-0.7485154741311715,2.5020280412353992,-4.55386838402469,4.03688933241822,4.655705333276528,4.0083582834486196,5.3694790082850465,-1.403882445496881,-4.683701541962182,5.154509774353678,-0.7754453908203222,-2.646623647436586,0.511755861962439,2.705858317625198
1.1055887629709003,2.9395975250699253,-2.2921459054292037,-0.15055789619441207,-3.7426382772286053,0.8279752270763567,-0.705093136400014,1.6062805742405675,-3.935726165495401,3.3973892564372417,4.035138545986432,3.576556796972576,5.367584317248916,-0.022102092039646415,-4.8895096019368935,15.610525548533449,-2.3182292305599406,1.7705777385312367,0.7671507832946114,1.445042527998026
0.810521762786883,2.3558708836986613,-4.3730800934957905,-0.5993136006529355,-1.0266372973614124,-2.477179455126203,-0.8271198209664706,0.13318746668736403,-4.4112588040392104,4.372105585612211,3.907200981178165,2.9289208807311127,4.802805890745574,-0.4886492730429133,-3.8703944391953975,8.20807815243406,-8.353819678078162,-4.08816246971681,0.5220426479265092,4.650053900821946
0.8607881389213283,0.3921043099920105,-2.542488278681638,0.04148961410793117,-0.6195692724330836,-4.56845976452514,-0.7073552523151218,2.099260123501777,-4.61834986600967,3.2355174418723944,4.305124858111132,2.7452984083586434,4.535756100739842,0.3059417744738063,-1.9110068185851912,2.10721224547859,-1.7849943692229906,0.8959891686132693,0.08721903457774992,4.370438485021987
0.8664710135089221,1.0857197219801742,-2.342787887863282,0.09043397168478085,1.0232311106342908,-2.3495723319347346,-0.8255501581760144,-0.24436757608478055,-4.289398338269423,3.721915517296344,3.896805759702783,10.602564820089686,4.915365334318095,-0.5834947249802462,-1.9755580318911203,0.907302206960354,-1.5127489763063102,-3.5782043591945376,-0.7188406897059744,4.908226473589751
1.082013960641036,3.223082710206785,-2.746048185947474,-0.034463202226692635,2.018354331704558,-2.9841171558981006,-0.7198571819570876,-0.05213690192251019,-3.976634399199094,3.193260460410747,3.898299707296295,7.560850330100012,7.065748609293321,3.0791777756868313,-6.419080436404386,18.483421171081787,-3.6234626063655573,-4.8810638014252214,0.01907525311144359,2.2070997502655736
0.628536714449943,4.172670222520347,-2.195655551904273,-0.16224221319951027,-1.575252119115796,-4.492048446808205,-0.8346441327491754,1.4698736864584045,-4.360831994105902,2.191715566081572,4.706308150008579,4.637621718663156,5.1214506375168245,1.3412297502002646,-5.020899633011307,49.258047116902524,-1.1111245033616004,-0.031065218333175548,-0.6019251133744629,1.2408457342637265
1.0925344603696083,2.324066304316567,-2.3886921842418176,-0.30268039596650226,-3.500683991131946,-1.9547609105587611,-0.8394716423239503,-0.003848852484122922,-3.071940290786744,3.1997014452333548,4.536590785645837,7.289950390492316,6.582223254558125,2.2072278857236416,-1.6644158068658563,8.407093485141626,-1.1562212846983118,-0.08321695338629628,1.0603330219798612,2.7792438716710053
1.871487658409712,1.8313021424857754,-1.960716528999985,-0.32426561026756057,1.0857383294056255,-2.7230549785327245,-0.8068831268670145,-0.18345749967660652,-4.244862163407459,4.169970876158467,4.087909890018284,5.57398551659939,5.744093227826403,-1.0140394366219698,-0.2260514684257413,4.4416991405034185,-1.1869900198125014,-0.5374398292640159,1.095594938907989,3.5530014814268487
0.8006484996237833,1.3153663657731771,-2.8698744970630106,-0.3410479151877019,-1.2509688161583985,-0.7927389112312795,-0.6919085076115368,0.23482893544114947,-4.49898840657743,5.417578561754004,4.081182009819822,5.7578319280452135,5.423874113233153,0.6067640673010186,-0.9216077524258841,4.198293992034388,-3.2086257081894884,-0.517627360174571,-0.9137413966840368,2.8643111455395047
1.084216482625442,2.1101498559912777,-3.5202869388261773,0.036548270008522676,-0.7475514885024975,-3.4536963746792217,-0.7897665219291518,2.085803555386833,-5.348765948605793,3.1180095446522635,4.778367960576111,6.162514541005306,4.825906871147212,-2.9675796760401547,-2.9857118501909254,6.712982559422449,-3.123462394379126,0.7712538064105157,-0.5752090864952091,3.9622739538267364
0.7156610166516864,3.584211531319862,-4.086197742524069,-0.38253733685633395,-4.66209062663679,-2.614197918324162,-0.883027675385957,0.2055459782091369,-5.322608864929025,3.8547688401944504,4.8392406164580075,2.4070716953545706,4.692005281283539,1.1146460899964459,-3.869018972830072,28.16214027143657,-4.902751217077388,2.0155816966341664,1.259168069469593,0.024262431055364964
1.17945903189602,1.5767013742413878,-3.828145203473259,-0.5365204290329493,-2.863691194128604,-1.9392279722707615,-0.7290496310157883,0.18204863183861097,-4.24756256000035,2.3780005718993382,4.7124862098811455,4.226194285903639,4.996728251758615,-2.278220976232502,-1.1608434386021569,3.090962498374923,-7.646466495070072,0.07010371963871001,-3.468104109750784,1.075382874053213
1.9153545349852978,1.6603706641073184,-1.800948121337993,-0.4821751434643916,-2.744023449599399,-2.8586134888894197,-0.735103889743572,1.1025759405728692,-7.021954242434191,4.481183972950918,4.641798146145224,0.5799678767513212,6.404558924845239,-2.669117126392472,-0.16693833195094787,4.023706283917952,-1.1282818703742947,-0.8340729051771132,0.035216032477856055,2.704868894595393
1.4344831834898524,1.562214393284564,-4.652343448007782,-0.5653223268185243,-0.09847484020062658,-2.836588499303219,-0.8348402292323406,0.21445747716002583,-3.150173642858902,3.321310627290549,4.291487256595162,5.225009726390104,6.461169776797835,0.16123618584218802,-3.6943016341663095,1.5427281856727797,-8.708477070130025,0.26228818490877615,0.641112353345699,2.7504266788620146
1.4305632977955602,1.2130533523582492,-1.8189276177121412,-0.27355145821191607,1.2953061251324018,-3.6896013101617555,-0.8234232641551437,0.5697090659713819,-5.004879954566763,3.6136968847337703,4.306362936242151,6.330943760989971,4.429674903684396,0.494919973632439,-0.4280761864406655,3.306026146472818,-0.0014252162309318361,-3.836345799788363,-3.0267723946320872,3.3843923817949686
1.6285031838361055,-1.1186161198657998,-3.4069379537073994,-0.3242510641391453,-1.5581903772894115,-0.39063450676956846,-0.8825181845476536,2.517560104619884,-5.070500625445577,4.296390620926963,4.008595667238583,4.708553472128764,6.274268616604701,-3.3128058115325714,-0.7819728643941091,-0.5352894838464193,-6.992121440757065,-2.5686355343120755,1.9038163756787547,2.1366271575309184
1.4637502072987594,-0.09767158042732671,-3.44921311217226,-0.5804773033641905,-3.0347437193982545,-3.377200354076703,-0.686932617435805,-0.14789754062221605,-4.47041274089946,3.9111554397676356,5.01097925739761,8.663649110379797,6.8450013881197105,-1.2247396599530223,-2.5139611061183724,1.2969577175200944,-5.333454636318799,-1.310873304661226,2.003088328805287,3.054053718878043
1.3304500375850719,1.2211366556607248,-3.398702257871269,-0.4966421723422501,0.36079033865800747,-2.735737898395588,-0.7577540909952569,1.1819853222314585,-4.297835427762439,5.377145055746389,4.436501437661175,4.637621479111765,4.8342694129649475,-0.04535707228517666,-5.559826709066197,2.3329300920739935,-4.47031282329108,-1.8676949952147157,0.6086282270927049,1.506197166580376
1.1935435823023686,0.36347344390797165,-3.4016404383979735,-0.16185513230232995,-1.492238310709158,-2.955824046139811,-0.7312591714614187,2.450871189593602,-5.272057421184524,5.7667823898197135,4.046126743888132,4.787820339393074,5.836869528459321,1.554243839937781,-3.5488499965729146,2.2069128931321673,-3.7094523857515753,0.45035025573266274,-0.41487082580663626,5.800420633434774
1.0722460655124064,0.7554225187494018,-3.3452383077974273,-0.5576677471324747,-0.038115912115179285,0.27231351236536083,-0.7454844186679459,0.14706946113053587,-0.0030107018783933626,4.7679330819807095,4.159171823773338,5.52592199359942,6.70203727789359,-1.398667323144288,-1.332269402716974,2.7373925113512696,-5.177014218616311,0.20049029977277177,0.37878539001485967,8.0026470192883
1.8542600189884493,2.5791034856691972,-2.8343256729208095,-0.2366003968924122,-0.8601293843896173,-2.4356475274705685,-0.8078552730107833,0.8027329940758445,-4.674761725552684,3.44404958785672,4.022108816542581,5.5099566570108305,5.251181313983751,2.395932007349554,-2.334491053610914,10.427571414648948,-3.547764905825292,-2.2915906614723833,0.8541803112979248,3.051473037586804
1.2324688966096522,2.103854988185191,-4.075841018919779,-0.13125828256029543,-2.049297717190135,-2.859647677332146,-0.7419040100805725,1.2127294120465657,-3.929488537672511,3.4765703275460185,3.9093218793089517,1.3578817673765284,5.326593973292515,0.6808664174967872,-3.0171752307276534,5.710336980919943,-7.834124484406913,-0.08301165627202278,0.3936185062570394,3.640450690645793
1.0330852502479342,1.071647214952825,-3.4487948753962385,-0.5689519190900021,-1.7478871195996621,-2.558956475795638,-0.871357291254969,1.0778921800517,-4.126823592004934,5.520951750000805,4.329888909823895,5.630946757322973,4.963752673319305,-1.654332227547355,-1.0046674577631707,3.794192782579434,-5.175693703917156,-0.2736080316927926,1.2744846368258762,6.044190275502119
1.3963845729507072,0.6605222820383413,-1.8972652769963496,-0.5890904374996109,0.9027345061901348,-3.663319255636972,-0.8287369811266226,0.7009534125204004,-3.9514277528604698,3.469333413631858,4.29014237396254,6.8552792409925924,4.601714653991457,0.856798401836658,-1.2856843441186876,1.895608611735594,-2.939541891648255,-1.6867453195472262,0.2595082718573405,3.32832728656263
1.0793704700472189,1.9557482205343881,-3.3100259904131226,0.14206289170542796,0.6530022677989746,-3.6624225140004953,-0.8745020707258907,1.1575716641190303,-3.4688365708352036,4.892441694172979,4.063546630523273,2.197500969854275,7.185983295948941,2.3445145930579745,-5.32915573461811,6.3230103722214075,-5.364529069843297,1.183332169061739,0.011381313684274488,3.807564355612345
1.7246518566514997,1.2853850386132182,-5.169383786992833,0.11208868008206285,4.709311920945305,-2.626619735819822,-0.824196484158797,0.68957074580838,-4.152070893897071,4.237354533434967,4.203339032489735,2.701375204506197,4.946957482258459,0.14706135425352265,-3.585735254755957,3.619713844009879,-10.635120747712579,-91.25261326552337,-0.06432377855246821,6.231930096990293
0.6955286712433973,0.834424876923342,-3.2637754639344956,-0.4194318700744436,-1.7297938671254636,-2.414635519659705,-0.7807719825942754,0.725960390820436,-4.754382744008729,4.28546222684847,3.816929338301691,2.921071964171144,6.419845215870312,2.6576722244393447,-3.072676714645159,2.429057288031456,-3.8886958894154704,-0.4699425390837224,-0.06979640567382957,2.356044998866267
1.2052468180734714,2.9298532818546326,-2.914833779097098,-0.03609933830059053,1.3902934252981347,-3.845366856784877,-0.7796173884664241,-0.9522917626565038,-4.278619558379049,4.736309188197667,4.4424311845045255,3.0400858875462085,5.085239397173886,0.4185393353815033,-1.3786712033815356,13.65431624261209,-2.2006733010040262,-2.5641234566576387,-1.201289044226073,3.693197378388218
1.1425172675050366,0.7656252932336075,-2.458737105255782,-0.5224815346068447,-1.7536075452511837,-1.8508278916150607,-0.8704961573512671,2.687200868163207,-4.139334958586929,3.269662880186667,4.160767239697902,-1.534896192279759,6.060676725379056,-0.8908522285095003,-2.1833114002321015,2.9037705007373646,-1.38712913957116,1.7411364279555308,0.07896743112328763,1.6633836128863526
1.8342175294877578,0.7735674540162735,-3.647372530246683,-0.6025661746176245,0.20615885952426738,-3.6141480663665746,-0.743373581813087,1.263492493040673,-6.173871631354308,5.1577327268937285,4.034947383568422,5.250498818449171,5.299020141493541,-0.30952682359103745,-2.910291322135801,0.6173725803776395,-7.287501857988645,-2.956781470900465,-0.40762491087593844,6.381528648674405
1.8222601297748626,2.31314686332423,-2.491195656984293,-0.49962754722235314,-0.6148622239479549,-4.065417696098974,-0.7130371836686498,1.2217775395910015,-4.761896547725969,3.8229187052245854,4.356232946376511,3.8828494475355955,4.920604198241975,-0.22941057923684183,-1.2390372348891145,7.778696197311259,-5.419752867491743,-0.9212473072804827,-0.5367441060920142,3.725429624218003
1.2378468143099166,3.0675558184186267,-3.1471672802277606,-0.20004970115691956,1.4927056661507208,-3.0298503443676528,-0.7773381762944264,-0.4396907993876259,-4.9878063911690385,3.3292688172745066,4.182602241650098,4.164125794185082,6.698269527795437,4.718646050716459,-1.89667084025259,16.239781639838945,-4.419785726706261,-0.6316425236239755,-0.1703375747521393,3.531563851311356
0.5508000808730101,1.1064723017263,-2.976096194742453,0.1848629102831404,-5.779493102651383,-3.5038619321118727,-0.8138274797685643,2.598310251092789,-4.159635219724276,3.56642342877476,4.6214077225975965,4.631216832229465,5.450329440923606,1.0344323631626438,-0.8117818534568308,2.0318075802697115,-2.808923844420092,-0.9144599074437754,2.347054062106712,4.909677813045393
1.4405173844309727,0.28649918600079394,-2.1763330787041557,-0.17845139632159318,-0.5478642270394742,-2.545925131702546,-0.7515076977754058,1.5987792755574999,-4.823291791524998,5.63586044166148,4.2124188591150045,-2.6198525237940853,7.695383314960308,0.07921436082365522,-2.3548807177276485,-1.451241865633023,-1.127585473320414,-0.4907800331260273,-0.3100849685009365,9.600293180405412
0.8409398774311313,2.5809093712017592,-4.474024744628245,-0.11433262507654107,-4.343414483317616,-2.061336020107501,-0.8782165323837707,0.877799821563646,-5.202357221417129,2.9844875418390844,4.024604528738879,3.9757841514505503,5.708168177386566,2.0789312224057985,-3.35151711212974,11.506325853285118,-7.714781131064054,0.9552918059481443,-1.623612618308453,3.4152349861113764
1.5156367095060188,1.1173927028549477,-3.6299673407900004,-0.22611853777528257,0.4717272091101521,-0.9595973645895199,-0.882638172384764,0.46172473723956187,-4.251758705660907,2.964873365763563,4.167810980787054,4.202553895814211,5.54470055952511,-0.4409265461404935,-3.422058903677692,3.846473622321936,-6.332697870839937,-1.3033139352080572,3.2080873867040354,1.7518819683555837
0.5022971782085298,1.754749570240905,-2.0838689834232227,-0.14554534523046547,0.9670992489403549,-0.8333752161881425,-0.878169704940612,1.1471209692675512,-4.418746727198052,2.8079714799139057,4.717173228909186,5.992250460774711,6.031709916571479,1.681309836199544,0.4850296023620557,4.209283556201483,-1.051448574108454,-1.7056363182567256,-0.15791001403987978,1.316839716940298
1.9480213090478402,0.31234360167591113,-2.139220618323548,-0.09213620296958491,-0.02071581106649334,-5.385708263606199,-0.7816078878744953,1.9281021257533744,-5.839179148776445,5.306504032760486,4.564967919369695,5.739780544246486,5.332968335461094,0.45216468486525596,-4.27133252022409,0.8455088408066496,-3.081611012228831,-3.0227653691165424,0.7821564373730844,7.603966145402467
0.7068428066290848,-0.23123247880469666,-4.844638333500024,0.0837677234609091,-0.04487129627627984,-3.3978340654441803,-0.8308061600613569,2.4337008880245925,-5.821876504677892,3.73654199417509,4.553230189367579,0.2162868706368588,4.403407715509617,-2.484805464764734,-2.7873185307061132,2.0589141534718434,-11.409456145945994,0.13310947963014907,-1.0420849970148216,3.581404150267195
1.059434401629436,2.2459332099426303,-1.2033183150327909,-0.32869727566628515,1.081913020691047,-5.520427881155868,-0.7371649917997635,0.43274763861621834,-3.463213082329291,2.8928910538818693,4.374721648701247,4.096807837667181,4.281196896836141,1.5925193896229883,-2.813435006120189,8.022343561012566,-1.0755905469971256,-1.8662237175724488,2.2683186802043904,-0.35351502585358796
1.135761697916184,0.42552125245162564,-2.7620327770543267,-0.38171340570780354,-0.6632286826083519,-3.768126473344171,-0.7503225821552584,-0.1476575235298957,-4.23443637759517,5.206964940868161,4.430014580875043,-3.2040634083400015,5.301624876680989,0.09752277405618934,-2.759045493261192,0.8567938672024034,-2.0627177905844123,-1.6208819733827453,-0.3475010458902381,3.458670481013413
1.4325076672202828,-1.043178082762393,-2.5353535259718827,0.1216684384384582,-2.1604387832331495,-3.4846770592087983,-0.6970716461228125,1.3261599473967012,-3.4124611766434483,4.111864260384939,4.377004949582614,9.215188125100097,5.463670946651138,0.6176646652567603,4.296273124837573,-0.4190927974813697,-4.5775071800342335,4.697241702575148,-1.492669131979562,1.892006694008727
1.2426023634726069,2.914504402275683,-1.605364079637514,-0.3878896317771452,-0.6747664321500084,-3.530989561646179,-0.8233871898103517,0.3698460507938983,-4.752757495736241,3.6143829871190074,4.604795588302203,12.575386664560188,5.542330945924656,1.5677106050060772,-2.4149868804973695,14.834167095517506,-1.8357344974525889,-0.4130352774640049,3.8955031767982873,4.056244322236658
0.7644581812442546,2.351665087647024,-2.8242902752564882,0.15789001495840382,0.7579161455694721,-1.8169132381166093,-0.7055901711005585,1.0143438156726292,-4.6880083387543445,4.132297936109846,3.902380195884324,6.891959165146614,6.007318360549662,0.682890960393439,-0.7682038209033737,8.578845705792048,-4.46385829483562,-2.9109470468244503,0.40461663973794476,2.50083065240356
1.060919620870301,1.9533460279959112,-4.464250712269801,0.13788382839509117,3.995237960450998,-3.1876409274870454,-0.8570262966351693,2.3973658207541613,-4.139982707130012,4.798032118719926,4.0626580755965715,5.194137346239209,5.636601514351636,2.7385005903294743,-2.554769528405636,4.9193505135524855,-7.171805846339007,-45.35552089209804,0.11796622834325823,2.141900207397008
1.4802720989277844,-0.9659253981803793,-4.816593624715637,-0.3103703486727428,3.749470342851513,-1.2430042842784708,-0.760664613518033,1.6804721006660075,-4.742304996013625,3.932985805305096,3.9679730048538824,4.810620173518718,5.005031371486916,0.8018644219820108,-3.9924541140533005,1.7503660522716051,-9.654181250610662,-34.22710480621695,0.33837326268066026,5.611999026260531
1.2473848910256002,0.9658870715787973,-2.181836052035822,-0.15641050990675048,-0.757972503355882,-3.8528279545727875,-0.7750554572461645,1.8570912557770383,-4.767441554303831,4.22512970907673,4.169655556667091,5.354283420822048,4.71992721739427,-0.9883984746883459,-2.510425453778443,4.633502240706801,-1.4944175906599242,-0.6359110485939399,-0.9048656747246449,3.6958714168878433
1.8913061874300034,2.1461885895478727,-4.296206305291807,-0.5770527625124772,-0.23533220882632833,-1.1216661526424145,-0.8166358227525696,0.15669616090635285,-5.841016805855296,1.8529860693871585,4.090905148142886,4.216491087365068,5.467519147557913,-1.7917410577483768,-1.9592257206220676,4.939863556282878,-7.206447494289254,-1.3042293508771503,0.4865455085656679,1.3975948054392684
1.5539313911820645,1.0675617655993366,-2.459619885628173,-0.3001278047730686,0.44316761503048796,-3.123630872610498,-0.7754636012582405,2.296703935755889,-4.402371255641086,3.570209542116665,3.9647828717522366,1.9431189965432547,4.606719008745084,-0.5568215476445741,-1.9953280500749213,3.2396247877674496,-3.6796986720253644,-2.0665804644602552,-1.709295611733975,3.0817718287539146
0.8632287844983468,3.5657385518331224,-3.388460745303778,-0.013783765253618019,-2.4993111457556214,-2.842147886330242,-0.7061941114718868,0.8998296755409974,-5.567584399788418,3.329582153814936,4.143280148825753,5.0664393614743535,5.570053187403203,-0.7911424886731546,-3.7564019330485943,27.801144182672637,-7.35326972114128,2.592935847685685,1.9870736653530328,1.3231721721735668
0.8377325773905342,2.1952340154244983,-5.343261417840347,-0.5496213582207788,1.015882961481321,-2.042939431276695,-0.7126024658553782,0.03802214452613928,-3.8649441443745767,4.546468146936906,4.1181697704562765,5.885389668605276,4.554659691738375,0.1670875819272995,-3.21430280055936,8.464470802140406,-10.905732782164012,-2.201196931665857,-0.21758082180928767,3.677983145092966
0.8100553012724162,2.1980596624902766,-4.001393018280318,-0.30120942852662536,1.4057420915961873,-2.9088466118404273,-0.8036613824255288,-0.1904076546441521,-3.9937561920835645,3.5651103165259532,4.7076086323552975,5.900233772473535,5.109916692467854,-0.8746651594528082,-2.5237738090253616,7.211486655015038,-6.200516276476195,-0.5869980408249238,-1.1805929902373358,2.912370036982798
1.878058029686892,1.8829951075428886,-2.8815557214313747,-0.3186927898492422,0.031660739669794546,-2.744582852272139,-0.7225053341060599,0.9511189352993035,-4.3423907888612865,2.495103778837234,4.1327930679546965,6.878546472041606,5.660233178948948,-1.3637112841893178,-2.2943395034214666,5.601123132075794,-2.393212904586636,-2.400737444891797,-0.4401815803624877,2.5431525992532356
0.9266270839917682,1.720280284599398,-5.46594642498796,-0.04849149890129589,-0.37174447243232706,-5.637883449113196,-0.8842952173038323,1.8220557167070455,-4.139574004239668,4.544299432959144,4.147384403674807,5.483703653527055,7.043538372024383,-1.2043524295651444,-3.890307493549821,3.09156121065344,-12.487383367759765,-0.5925439630707537,-0.13335395389912555,4.798147846428465
0.6779927560931667,1.563836943138572,-2.5138352144204634,0.17095000737525512,0.20345843759253546,-2.205948191095402,-0.8626383437685265,0.12377960350180883,-4.864004041761339,4.020199083512667,4.065432268626913,4.355508763939123,5.019967863371613,-1.7460017289341792,-0.7191218898198668,3.357434680418874,-1.5520271290207464,-2.102174441084057,-0.980198928542887,2.7169033086596683
0.6586982780760213,-0.48632704757721856,-3.828063825864681,-0.3257928925648829,-0.4312188347369935,-1.8808855870949486,-0.7126873931617329,-0.3080525525026827,-4.564393050068623,2.627138483517195,4.1768037114611545,4.03390860275791,6.508423215493279,-0.36501131703928835,-3.8082058665184677,1.595709970218579,-6.612358236586474,-0.3762365583109277,-1.3517508766261468,3.2778267837650903
0.9550953740567467,1.891664244252556,-3.8548338514765557,0.009206525487557848,-0.5345143109648238,-1.3622791449089717,-0.7807030445983724,1.6374696983941024,-3.6903136559627123,3.6631571513620558,4.471032596167216,5.012895612328183,5.932231799052846,-0.23815217321045423,-4.675013040208002,4.965798959029938,-7.933728543867131,-0.5503922858192514,1.3325980123352357,2.4388340994941995
1.0154678101415997,1.2663659552453335,-4.042020526263018,-0.005165327553513288,1.9571966603940312,-1.8291035217219846,-0.7106545689620752,0.8427187426441516,-4.621047060723785,3.3521971828022536,4.916548466246709,3.2440847022774126,5.734488606281012,-1.5049803454907453,-3.201732075047123,3.093833185271401,-5.521062729786901,-6.6013778853071585,-0.3385437479506132,2.2305332010162773
0.555540334325169,2.734046819648153,-3.3808095622163363,0.20768608762041962,-0.16518476271221683,-2.770870173383242,-0.852981694499649,0.7077958673926812,-4.3196898922771885,1.1440866981448865,4.093610028903649,3.933708792740278,5.643588172521085,-0.14398908684361955,-2.7619936871586814,13.265117020809104,-5.865465990065074,-1.0903037651205087,-1.0571807753081568,0.5220321228451483
1.4619257870476194,-1.2909729916098747,-3.491440828249944,-0.5091894856875513,1.4279895142375563,-1.6924710063362092,-0.8640780895223084,1.0857472086248827,-5.810102820841916,1.172323335966583,3.867378245815175,7.709295840942718,6.842603494967049,0.758358878158355,-0.737836541080849,-0.20879202148625547,-4.204551613752696,-1.022859894357072,-1.0681046008565862,-0.12033660009143965
1.7668222146187549,0.7869933213225551,-1.7862678424883922,-0.3123115099359962,0.22626717465457824,-3.228849175490943,-0.8030219648842022,1.117647851717356,-4.513262089473233,3.1228075522838874,4.753145845149005,5.711205205733448,5.169923613615807,-0.9817481608889992,-1.0358963495749958,0.8312181579194066,-2.8011424693566545,-0.8818640834034166,-5.0940047867334055,1.8865903003317235
1.4953187760471125,3.5028153518531537,-3.0759374301777838,-0.4424023011099919,-1.6537821213399424,-3.0882143384799288,-0.8682201922763723,0.8710633941078245,-3.7783978474794155,2.7623508012916904,4.324147087963028,3.734911014679748,5.025963040259516,1.4722908340685803,-3.111818150055325,25.630595992107448,-5.466360538126295,-0.959910593063027,-1.4327241450075048,0.4726333641829936
1.3942724912675124,1.466886870345704,-2.224661694557777,-0.501727181083829,1.1136331698105906,-2.9821135765233278,-0.6862523337428734,0.8935648630907758,-4.305438181192428,3.804522355029705,4.1205529071009686,2.3746580708134624,5.5435701607573105,0.32268542281075113,-1.4444703866807997,2.953912836387376,-2.782701154092662,-2.508099086931718,1.0269894083690247,2.2941360160206754
1.034752291913961,-0.5539010653705454,-2.0121558630264076,-0.2875846866657739,1.6544569161014695,-1.2406167544587037,-0.8289534073047276,1.8196213039212696,-4.397702497607755,3.7026592579610114,4.202675224852912,3.9303710398999683,4.576143368100421,0.30857502542843956,-2.466218826626887,0.0619687816789406,-2.3411787938950543,-5.027232223313589,-0.010543366640289237,2.6344463153259836
1.3448717948070747,1.0436510122762057,-1.478489775671955,-0.1351532799955958,1.528375381079781,-3.6827657479814455,-0.7429541787853772,-0.4215598076481555,-4.461570744344934,4.828938308734825,4.316591632430334,3.0798881943314615,6.455330832948242,-4.5541406107273295,2.036307014545393,1.6043154432148161,-0.959623709867693,-4.611355769550477,0.9182923869167801,2.5784761374465863
1.3535650731975593,1.3287283166825006,-3.5004718848544365,-0.33811816740395834,0.04513582159093521,-0.9672017196695455,-0.7136340263924957,1.1296533024416302,-4.3327976056538855,3.227289490825626,4.452394031096974,4.500476846398135,4.743202431745774,0.41491906956122027,-3.9922143353277155,2.9145867730097192,-4.943477946624029,-0.9474180678824533,3.702533117506064,3.704057418888797
0.9306869329267229,0.6414349202449781,-3.6425428917543945,-0.32797958325802173,-0.6471377480092474,-3.633781348710832,-0.6932981723385949,1.0023180618035097,-3.253491360618047,3.435159280957279,4.166836897378713,4.778835184435739,5.276506357096206,0.045324620966947754,-1.8024538488301691,0.09885641758428432,-4.539190121847007,-1.0484187093262547,0.9736551787546788,2.701717884938571
0.6234642071790545,-0.16375907140177026,-1.6374486294279949,-0.2481143526611364,-2.130453048442629,-2.5375302191104456,-0.8086853762029782,-0.13047912704001785,-4.568320924765751,2.2802096993105936,4.253790077672114,4.212397530925917,5.276324723910061,-0.36583340159162664,1.1831115459101709,-0.27111963478820805,0.8527175662317614,-1.6562078816702273,0.3956598759381569,-0.27436385003689057
1.7750216550480682,0.3267441219863154,-4.389192547554716,-0.061218833381715076,-3.2649253019013713,-2.267599400437631,-0.8645108452303492,4.4475007530309885,-3.7972290182061847,3.452296454927726,4.176640101242113,1.4856438360238213,4.500650028846759,0.7452092109963241,-4.432762646124811,1.0951865214448917,-7.3076582904684155,-1.5515181910702895,0.9115905569644813,1.7054253445371943
1.1002589924463764,3.2500750341478106,-0.5054157837423956,0.19578254591444477,-0.2096708254968523,-2.797602001863971,-0.7095671753578299,1.030044616339607,-5.237691519839987,5.020589427716425,4.020869360543211,4.468962216534948,5.5521693016531914,0.45883879186134074,-0.5528926666014207,19.76985766181823,-0.9271409722468874,0.6631925528068481,0.2977347136957139,4.336564457678582
0.7897215750546069,-0.7980103031746006,-3.881285645408946,-0.1308061280841823,0.6020919116150365,0.595402119048345,-0.8530950472047084,0.6011142075748797,-4.423131181791942,4.764155876449176,4.294949489519196,4.895715284903639,6.530482407241619,0.5351662453013017,-0.8574052970357022,1.06092199762163,-5.272612297445155,-6.156889741028875,1.2592632195739462,2.106413399112985
1.0441561219518634,1.5887709689111182,-5.716146656470761,-0.006457405018232887,1.1691365047957796,-1.5249384314755179,-0.7876762262647518,0.33826345140653746,-4.304195144589664,2.9798696105273197,4.2033742408058705,5.225311200385632,6.086844002246108,-0.31975987380801135,-5.723366474693955,3.465251712905565,-14.207001935028412,-3.766028676767279,0.607035888033959,2.776879791267056
1.0962616228690278,0.4241615841796279,-1.6836174228659124,-0.26000487028533725,-1.1651565520736265,-4.058878599661199,-0.738398744403395,0.15778338130548475,-5.2669068878207845,5.346975412246845,4.263946198878257,2.8272905653478957,4.960844655355073,0.7431030097837371,-2.447782621272482,1.1253717755764217,-1.091752578218347,-0.8879525827140201,3.4047781710875733,4.224147859435718
1.7541519997416999,2.4136949715482667,-2.5833872581927575,-0.5375273849073648,1.2049293819948304,-1.1695252738814295,-0.7891861040643988,0.9452175048598122,-5.89093459678181,4.527825322610609,4.092064831964731,6.995787262227088,5.389202702956848,-0.4626593602168835,-1.988604120208161,8.098531634453984,-4.121805462533282,-3.5828268886866965,4.987876843543768,3.7641881744039765
0.6002688073584764,2.1490964642981374,-2.6574700730346827,-0.3989579573054025,0.39348163162919747,-0.7572822134681885,-0.880157753873148,-0.7118193719179631,-2.8554207925640034,3.689852062410294,3.9349554021567243,4.703665323467855,5.718671851267657,0.1553027683060879,-1.8712926192704833,6.416304825843079,-4.6546826986907055,1.7501885939901696,-2.1637440863042903,3.954626625980694
0.7398635013156922,2.3699035516694984,-5.726680334795939,-0.5771081877923774,-0.32083500554632044,-2.986947398891352,-0.8357277944258799,-0.030563308211281726,-4.763682902103576,4.1933156390274045,4.164325020675244,3.2397258555522526,5.110262738561833,0.8309945691238838,-5.9494899315012795,8.803530116144842,-8.148299788988691,0.750226043776935,-0.11610184139934787,4.551700524783053
1.8808799318602143,2.5248802638570638,0.12508485014509496,0.05577230330737104,0.8375298284932053,-4.360624456318686,-0.7961456759127976,-0.26079929742996866,-3.565070949152618,4.169249009712171,4.004054292336601,4.669908528382002,5.489153823884214,1.9320694759148327,-0.6445992585350829,9.039981052417568,0.46985797239012694,-2.601914664126991,1.8604728144656284,5.61589535827491
1.4783923165943489,0.21401484167501073,-2.798521276726426,0.08565753868300241,-0.8794032459052956,-4.63669297642959,-0.7868349703691574,1.0090226991058726,-4.296107194806026,5.261160027389406,4.369342993489686,8.657512007790423,4.465988263274819,1.1116972453044744,-2.8590176260369136,-0.5489697935773636,-2.3328934553337413,-0.8282002779028702,-0.5763126990432359,4.460527672158109
1.745233554154274,-0.3319033242890439,-1.9005409482770599,0.18186313157431566,2.872143371337924,-0.3796586299893585,-0.7156646380225363,0.6960097495579509,-4.582547137802816,3.8033151356604438,4.681841999801106,2.1157393147716066,4.9759713804349275,-1.1307809637089805,0.4552500396868917,0.3518445777048756,-1.066127865785562,-14.113280754533521,3.3293737507904675,3.1026406616078264
1.1423743985994599,0.8624025638527286,-5.018857996168333,-0.4311137035201711,0.5553036987367408,-2.744494044895345,-0.7701951492126673,0.17152094337224444,-4.515955790890492,3.2277609831689276,4.349975100291914,4.538197436973266,4.896808321834072,-2.0128812189426486,-2.6698372124191763,1.1677422458640523,-9.538156633918529,-4.173087652545529,0.42814018992144626,3.183475294256207
1.7972894559865604,2.718227255124005,-3.1648201474356408,0.1211163299754906,1.881249338852907,-2.1271477293564436,-0.8482442620818469,0.7222101327637682,-5.076831619895133,3.7357035462393244,4.466425487307221,12.616432231644902,6.706551925377175,-0.3499066258020965,-1.5209696656099017,11.51659365615333,-3.065427492773214,-4.249883301866555,-0.438707396265632,3.429682397565171
1.8025951340762456,1.2363859220665456,-0.9839874209569048,-0.46508963140853576,-0.08189193579282156,-0.5881849924306954,-0.7246212474468329,2.405520559666447,-4.794774713487458,2.7854773300278617,4.079558447834209,3.116289475248334,5.526133916910094,1.2566330137262969,0.8873094389021268,1.9515451115244067,-2.658811505628309,-0.4328529704853882,0.58605072830822,2.6700680764140166
1.2269423475570358,3.0141492864284647,-4.548898184205871,-0.009079669488402664,0.2411111792231232,-2.8041092819951263,-0.7043044350634453,1.5556630210559304,-5.169250066650832,3.5505367361901845,4.05781574259481,3.9227762140651654,4.967614202206114,-2.472644817498345,-3.1085443029652953,15.120576779017412,-8.953194434396554,-0.4218152678390009,1.6601683493527006,3.054366604054058
1.2194341159659168,-0.4116783553266057,-2.7673825080747636,0.09459774327815318,0.46550371109297073,-1.7320046697355052,-0.7055826684255809,0.3436922967447771,-3.7094120355282953,4.125455108410269,3.9387397084512403,4.8694378375208105,7.028866381327086,-0.030807223346647095,-1.7767406311536313,0.6933399594584577,-4.152167172349789,-0.7839319990996172,0.8213002537270989,1.3124511514580828
1.4444801848904687,2.706922950429097,-2.6005556591761554,-0.12157800578075628,-2.0315129211776934,-0.8123246532280608,-0.8748161242522997,-0.28228575695536595,-4.7012259145408795,3.5263376055354008,4.207308387743742,3.0071781640374735,6.030777736575275,0.9260646694990418,0.7016221754009835,9.55296863999028,-3.8034327694757293,0.20074189144680077,0.9686268001913725,2.6993203654527007
1.1155477140624206,3.8209487622376033,-1.4387240861628883,-0.47488484075434,-0.6241098084723887,-3.702352731701752,-0.8594528239140051,2.5943356018711854,-2.674500341350149,2.448553362244561,4.100982977615025,3.4080150993255423,6.428786435926703,1.9440128733028421,-1.5298564123213287,34.0561472718981,-0.6565286047923569,-1.9761658907065667,1.281978951611467,2.8104207986435084
0.5652581129008205,1.2940647469985054,-2.7981013984874052,-0.3326193552708389,-1.7923641201330163,-0.41591350239854386,-0.7550728929963455,-0.018999730129912518,-3.663250736457888,4.624244726478403,4.36940454233698,2.858362885813931,6.561266728644714,0.40075227182230094,-1.232002368107318,2.928713013861888,-1.716326277294532,1.7412745612458147,0.08908569689258558,1.44721513860032
1.5850326148660419,1.0428702043297513,-4.957949312114735,-0.46912153817140234,-3.4012210191665493,-2.4961310252746953,-0.8760794343972785,1.5130667560480249,-2.6036482769650884,3.7618659024002916,4.32893765038167,2.912310408611074,5.058498356302398,-1.857915827126464,-1.938176058484898,1.7832315051853338,-11.529159844968765,0.5646494643168886,0.6954516654325199,2.117735917026361
0.5913138528923279,1.669118359782765,-5.239968114834156,-0.24822434971566232,-0.9544578466848359,-3.621473476225831,-0.750936669247094,2.1688545998045994,-4.516848950211811,4.173569576516299,4.45605601414097,3.7785001696891607,4.902659100965382,1.0459702979034657,-3.7231066077761055,4.487610045932941,-10.64057157119631,-0.501566648325332,-1.5252732605688013,2.578893127375008
0.9852758917327579,0.4086315755804216,-0.9731293138124104,-0.35372088605328794,0.8873049198994145,-3.2183084801771944,-0.8222416387063629,1.810315427027997,-4.522907506269812,4.7279085491787995,4.305201782897345,3.3563034329041006,5.589601112707217,-0.37937362535648045,-0.5105846869745226,0.8258349651362819,-2.2154081736806734,-1.4426829229140188,0.33166972789558086,4.514389744633588
1.5299559649140666,1.299065820401941,-2.5454172728915485,0.09949568380942841,-2.901026443596116,-4.169957483901115,-0.7678569173214358,0.10589325421857154,-4.211967615714049,2.7140676600149582,4.67014175561206,4.712919270498997,5.314458883899396,0.38081702208338,-5.8713389873829716,3.9810531224884738,-3.183916657624338,0.31171680813041847,-0.08551144891770629,5.5983106515316665
0.6499287986422677,1.163711637909603,-3.5318568333068177,-0.4067051775273667,1.7227159925670161,0.10317384267304597,-0.688237032406956,2.004612413645743,-4.542367255886131,3.654365365253836,3.9267033037570918,3.6905927973815786,5.407686594581949,0.7311394945721346,-4.732895711691921,1.6193034460882094,-6.518006139172352,-4.578833280753178,0.7924302531054611,3.567321781659154
1.019658309853917,3.7544467986251044,-3.659931770676344,-0.09113990247414572,-1.4540914089159942,-2.49598549022259,-0.7457385069185832,1.0441222500038587,-3.686040771419858,3.047540651014641,4.2298149835304155,2.5314445993197907,4.558746774443105,0.939406063270065,-3.4172978835850953,32.71715420180473,-4.875866068497855,-0.9167963421568727,0.16675679690096834,3.8743714134640834
1.2712154833311808,2.6374945698716292,-3.083809107921445,-0.4812321198550742,-2.1201157154267176,-3.834861508135598,-0.7431535670730847,1.8641891134153177,-2.9167080005399217,2.677446949549603,4.592039856235425,5.946133180956285,4.445114819327514,1.6510293577032071,-3.6608849665966794,11.403441549578622,-1.7333607306821914,0.23265653585609952,0.3126052096919722,0.6428303369129234
1.354516163313136,2.5650577717127825,-1.1128042605028723,-0.2836229751125848,1.7727254895272577,-2.922239951936184,-0.753606531518183,0.2635082973912237,-5.126682167285512,3.980813545787288,4.617654628079377,6.419903768038871,5.710307242695349,1.6381271091513878,-2.475865587767923,9.04652522596817,-2.362132488958385,-0.6111454629432642,0.3505962002299214,4.665639851058448
1.0181060950170018,0.9809535179665272,-2.382907533029946,-0.32418497885592046,-4.565248162146478,-4.770697862380716,-0.753065665197499,3.1992266483314684,-4.3410762942499295,4.008473932719667,4.4692642597538494,4.120618601652386,4.259720580661882,0.6041524294439582,-2.740827231833653,2.6648023022826806,-4.665564948415291,-0.7986529131464947,3.1824664484118648,3.408194649439883
1.3347290666825007,1.8461481152384607,-3.7335199023994456,0.08105611545937785,-1.3893759073290008,-0.5818705465629486,-0.701050811157625,1.6853310797618102,-5.55949544233518,3.301470076991444,4.287651472337822,4.932473683774284,5.033827140106694,-0.7245932016406179,-1.9075517963608979,4.4863703222197815,-5.462343917607278,4.029382278713382,0.14971586514032553,3.8029779019671173
0.6572835456098431,1.1974341740998204,-3.8022889684972148,-0.12697253851945955,-0.4457912300402226,-2.7991608850964846,-0.7066607666060312,0.9182889574046382,-4.529244942662322,3.33941199624404,4.627939918224586,1.2449919431817014,5.212238890543155,-0.2591700258927784,-4.519369893337927,1.572644331304884,-5.686435801920589,-0.030151367061317047,2.4166877600108676,2.7378440067775243
0.47311526322255926,1.1638484684408517,-1.987475801206019,-0.2865596942658673,1.7222451419391893,-3.4693873073288364,-0.8141156867356472,0.12074347687744025,-5.088446272549168,3.2681317480907626,4.095209993768404,6.5577049069877615,5.470902243300093,1.39039027682696,0.3707377739149107,1.9891285792204307,-3.382439301440948,-4.997523163749164,2.1988669513500394,-0.943917077899731
0.6969637144051346,2.2060114171733636,-2.2267256657740897,-0.32237875803672633,2.9554801569084717,-2.86907396720601,-0.8105813703364424,0.8239525958694152,-4.510923207083591,3.2315992617100364,4.077507754151571,4.450474731389756,6.163874258604464,-0.8039159641990323,-2.210412864696095,8.277332859998133,-2.4471479086411247,-13.48242966420602,0.4859931884283152,3.376894257419025
1.5513630720637346,1.7574921475696321,-2.162451874467592,-0.39409220869170414,-0.44772242372967713,-4.792926000975629,-0.8853709523359478,0.27603658341803694,-4.3973173251429225,3.703648041498507,5.094000889670781,4.813558396451223,5.561348610619718,0.45524228193231947,-2.269311566230224,4.567765609094414,-1.1936060058331672,-1.39156706927962,0.3713268826299553,3.451976458987836
1.3478968420583195,-1.2596193257327948,-4.201340089738031,-0.25301344829488487,-0.4931315137192119,-3.1184738418720928,-0.7455075843383105,0.41873631290319824,-3.599493843224911,2.9185183860033144,3.993846260319353,3.653961778515477,6.757076178822748,2.310579239058563,-5.240449394554419,-1.5163815731673904,-6.722232333067919,-1.2423754174254384,-0.4465867883557633,3.2566915913287238
1.4613581827567041,2.154218454255762,-1.9396579446679325,-0.10811732450667888,-0.7116862297633311,-5.410965633263599,-0.8195420034827897,0.4758654943701697,-3.443566832052627,2.505787264062167,4.145740303216976,13.906383859070226,5.269866832564728,1.9088933587424428,-2.6060207949847785,6.730339736372969,-1.7336743789287858,-0.4430848039610278,0.261290329681653,2.926869443602005
1.185356676436983,4.82943514454284,-4.142667253652732,-0.42827469263239104,-0.5714272958115832,-2.51270565913243,-0.8345385736080584,-0.4489713781051534,-5.1735879958930955,2.9286195689085153,4.009498415677778,5.958394701420132,7.200409575692243,-0.4031828674864768,-2.7476600267241027,95.5477802489525,-7.833244910361483,-0.6474701258256595,0.717178023089318,1.2608977022416836
0.9653307574613613,0.7530978471099042,-0.9272156390049373,-0.28152429502239773,3.2585893934729513,-4.706445483328313,-0.697811147596716,-0.49330318053835454,-4.444996905770747,4.656812870522436,4.160322528590879,5.135316177840672,5.871884330518955,0.24607748419364392,-3.0310641524275295,2.3284590812934214,-0.5934787798174118,-20.049324689433554,1.4594886405907124,3.920651834396613
1.477393123809504,2.850607887986241,-2.4069669384183667,-0.3983252938613219,-0.3474979231894502,-1.370224174122597,-0.8726234202590226,-0.0483090721919619,-2.627181698606136,3.167781219499311,4.032697714792378,4.931703039136853,4.903676155108412,0.3714412886436255,-3.2460082202903777,11.591202887763648,-2.503299700916637,-0.9312867943098007,0.6807067182264002,3.542395226202411
1.4394823738124987,2.470269809346775,-3.5420504912363957,-0.3609378621818062,-3.175815863987344,-3.864592490514185,-0.7878309805015873,0.40756883538393174,-4.141859761144639,3.0522221882137215,4.253514572209035,5.24328159514114,5.779570806624161,0.9306900928305213,-0.7721659780699359,10.858485896212082,-3.950461587198366,2.315621598316575,1.2084629530715036,2.4149323616377467
1.1463680889518244,1.039622175079639,-2.8010733635569123,-0.021347715915637222,1.4074005050046816,-1.7783468035071555,-0.7530623384726017,1.243162202169874,-4.584652274155349,4.5338763059457605,4.634207100313306,3.3703245243428186,4.553088242982171,4.541609415298581,2.8197588887330935,4.60208848165836,-3.4058736855794955,-5.049544205220752,0.149027054357523,3.3516101995521375
0.6129895018016943,1.8620296327027537,-2.877460290403417,-0.4205646969186778,6.247602694851233,-3.3297954900044364,-0.730023360048957,0.5118687995740707,-4.021685414518602,4.132378598068753,4.717695003186308,3.322365316338305,5.457348963657576,-0.27572468882972645,-1.7946437098690031,5.531901637648865,-3.270171846496177,-418.5554217578778,-0.6199685789188499,2.6318777997390304
1.4083048205992976,-0.24685917137011737,-3.4650607520610013,0.06057002111442933,-1.5687931455499322,-1.7911213296780844,-0.85963304757376,1.903326837131492,-4.493685215449854,3.404060507675911,4.835151221614841,1.9586770869548888,4.854956420154175,-5.295297195826849,1.0842316222612753,1.2751051836996963,-6.485021312526987,-1.1016311677359412,-0.9347854445650094,2.018758299742394
1.3673239659407903,-0.3699268058559755,0.2327959983679273,-0.027470350282959854,0.14490395552984825,-3.7808730168788367,-0.8147469794276236,-0.029337426568725844,-4.137320241011601,3.415105265313872,4.337613651554387,4.860300537185879,5.807572588043643,-0.6406582169961224,0.35193733435968827,-0.44164260370301694,-2.300538447505382,0.14364036988604661,-1.3906818855917387,3.849751467457597
1.8625375644621782,2.329615816251545,-1.659288664527347,0.03798674684105807,1.3314730650929234,-1.3901661466006083,-0.8063628554591125,0.9182243547149618,-4.78225925527247,3.0440897308292936,4.504994163726523,5.6514292645128155,5.719920054564986,0.39838210453065653,-1.2691403004076394,7.72250037294298,-2.7357360580822245,-1.8960002113420853,-0.7184853294556753,2.1062343127141308
0.8456827635685831,1.329104435459509,-2.052854248631194,-0.26926586827497206,-4.329230714254299,-2.3007249916604224,-0.8597088447248988,2.9446099082441957,-5.991362209414277,4.070433934277051,4.36188366886657,4.898485121116501,6.062711572314503,-0.11025734218873445,0.1932391018710995,1.2192267892193838,-2.7002240067517755,6.548149355798638,-0.23501793412765729,4.262142289753475
1.8650000079756344,2.955588012567293,-4.208532838234027,0.10246808909307625,-0.4048967607610622,-1.8841641325135348,-0.8090063648285852,1.7543975455632768,-3.8648798219755673,4.158405571413318,4.110419969900594,7.3520921544487585,4.955258843067689,-2.8790207634402463,-4.141200509109707,14.774536091350285,-8.377592882348889,-1.837365711980394,1.4977845152520834,2.0747994012822883
1.56771776259011,1.4554238694192165,-4.046341850043496,0.021374620639041386,-2.812191883577356,-2.86654970708112,-0.82004193926807,-0.2966789908812214,-4.994356932700826,2.51990488008864,4.356331898708877,5.009174715265594,4.855876168724146,-0.7124941356207127,-4.388974851116524,4.873807186624027,-7.468531016555091,-0.2112699149748838,-0.383704420508896,1.7465005066865977
1.0917122940133022,1.9880566919788536,-2.5900706759012353,0.0015081566812638059,-3.1158863152056093,-2.991371887912426,-0.8004210526751468,0.09377539984747707,-2.2028559531832674,3.289123828064167,4.470918182406196,4.731008413968612,4.938081323878968,3.7813310129308157,-2.0338285291172644,4.992373661155986,-4.617926779318015,-0.03193222039426688,1.0491387005137267,2.5106469050267344
0.6699222044384624,-0.6730933491906592,-4.7381298277581845,0.07279825388128869,-2.4376588476899195,-3.7753678669467208,-0.8202523098447638,1.8582995370208768,-2.9098870010576405,4.8092453393843675,4.319914224559891,6.081946744753069,5.168390685904518,0.03347662667958273,-4.054857444960768,1.1930924926008597,-9.432288135987077,-0.574982985630837,-0.36372362906613953,5.0829102707240175
0.9809137938317145,-0.5689100870293959,-4.01803973228022,-0.5022374613586345,-0.20164556837032277,-1.4022667722672342,-0.7836443613714764,1.047922299777528,-4.410661580081878,2.9963358288556607,4.233368841504287,6.731952964364333,5.297854374583105,-0.5873430546763392,-3.0336947264131293,-0.09658227527168861,-5.037257639817872,-0.32228346360368126,0.6164860323826832,-0.23839952576181522
0.890019241827608,-1.4008996796554336,-2.8791137520748387,-0.526154821680872,-1.332928857630841,-2.207225324238451,-0.8697301898335,-0.002480618817019886,-4.769592741653158,4.508835230807711,3.995010222110225,3.699961516880169,6.51753666104665,-0.9418741347487044,-1.1426748482810898,0.4100246136963043,-4.000534729821141,1.330063893909942,0.46255761099304016,2.505388892106714
1.218960687646744,0.2188495926138052,-3.366710429646449,-0.40602680596800755,-4.2320798228336995,-1.8766400408721244,-0.8433283975025657,2.0618402956510935,-5.152262817238439,4.781521632176862,4.245661673201093,1.445193677312969,5.949558267091857,0.9219366201947038,-4.2537973618139,-0.27241667972299866,-6.1196509621981,1.2190538380218814,-0.3902428117574634,3.0486156765207486
1.3175668067641948,1.9559758674419654,-2.748310323756546,0.14906092781284008,-1.6938036085734516,-3.5096450673931097,-0.8851725634333887,-0.08661109684115109,-6.212267316755606,4.431542336059277,4.805929902332215,5.520169797920735,5.389861362080993,0.5673187314298467,-1.0213340985729895,4.252876885714809,-3.521340890320453,0.46591377843412407,0.07611396478092075,4.00608016694067
1.3331390046613456,-2.03815378249948,-1.7746371878304217,-0.5281805763590279,2.2237655814586175,-2.201694554927003,-0.800822549818156,0.2684300406143838,-3.3786819216561823,3.537687104669137,4.398362474772161,5.863222939827341,5.418270184407993,0.19120922348387026,-1.5141851796079693,-0.0172211368187141,-3.292429243185712,-6.863452009107316,-1.023301526745148,3.163949397694939
1.0130783534903345,1.0492834684655499,-4.269503974681114,-0.44175665768342187,-0.3359980237530742,-1.900777535345997,-0.8381093844925686,1.504831436943347,-3.675727507504118,3.9781441412627827,4.593174959162996,4.769568809803559,5.258576974203275,1.54878241594731,-2.2206430331659077,2.200239843044887,-7.488140693656593,-0.7648349418739538,0.2993378978241043,3.478557387808239
1.8200434550630888,1.7555290660218956,-2.475683347248002,0.20426540559663153,0.6937770618718428,-3.220955583757956,-0.7727640442536767,0.8121601062899055,-4.635229336755558,3.4848071262154345,4.711748989560408,4.753478161343161,5.2085873599136026,0.7574379990541507,-1.3898553467018986,5.685508748094797,-2.661364527165225,-0.7356115813174209,-0.4932652540736429,1.8269433373454373
1.5982571619440076,1.8096820044710318,-2.9432579872106395,0.20199297330071575,-0.6703251371314898,-3.1579443178443496,-0.7922760702527873,1.0678164776880634,-4.7362071785502575,5.025861490846118,4.867318203391475,3.6035599781432834,6.3719760343263605,1.2154886179775326,-1.2196711740685808,6.728970143695371,-3.9227472711430904,0.04839041612492623,2.0713906452487905,3.270903947222628
1.7804443274632764,1.1810753737163977,-1.7503174324114155,-0.18983775388912677,2.965914617432886,-1.442854416009898,-0.8277101597795422,3.8825173457511544,-4.736037164106363,4.699224436361705,4.140228065117713,5.17244259657921,5.741533812788816,1.666749190359668,1.479490408970665,3.4599309734524315,-2.1308917917685193,-17.55812947876618,0.1715118003614305,3.252139992853464
0.9548697050864423,0.38048028549857804,-3.018001430637503,-0.22182620299343053,0.7403733872411993,-2.3701669158634298,-0.8548666274269595,1.4413535365336165,-4.531557603412724,4.1083054671263595,4.11561924648465,8.714962293182245,5.570003035626191,-0.5807205551063086,-1.2681947519068109,-0.8040001760671927,-3.6503200249452763,-1.569222824150244,0.40375994640783597,3.3002920681785075
0.6721171298167448,0.9503472552180285,-3.299171588010143,-0.5039964041835733,-2.9756504580701475,-3.328929084212689,-0.6888402159740993,-0.04564194445756997,-4.386974787797334,4.711296830669724,4.403318712059847,1.5015146424426051,6.160873961474211,0.2941839280919163,-3.2813402470898687,1.0746736939566583,-6.560263187787935,-0.28413630849341537,0.1539384906553855,4.240022664570148
1.2641809263736863,-1.0943365697853715,-3.492579519114922,0.09553088678236321,-0.021928454550165566,-3.147561659817891,-0.7523401477851033,-0.04079961468476534,-4.648961501429791,2.7224107998760156,4.463430402786073,4.749038446878587,6.87977241957951,-1.018731572355819,-0.7975068030818695,0.4917364451350587,-3.8809574375771856,-3.834421682769033,-0.22366546190745173,1.443226910887013
0.5364004320063746,-0.6996323320110025,-5.001573432836478,-0.10363158184195365,0.819078369718155,-3.8367686674752806,-0.699299644426564,0.33032486775173586,-3.1353238180596,3.399853425996868,4.135476799031833,5.147834265335332,5.6380841323070126,-0.20318251782630262,-5.194367845182085,1.1280783724763424,-9.190323441680146,-1.324516073749455,-1.664989051525758,2.6938643409465204
0.8904405331431865,0.9033709431184441,-1.4317687552101894,-0.15082877737667938,0.12307591663153106,-1.1265103859743977,-0.7908866106221382,-0.3649146453595534,-4.114738085622232,3.67463418561066,4.738016096984802,2.9484285876939293,6.425263647011734,0.44366812009094414,-1.4886927305221187,1.0655082597739352,-1.0132484434543483,-0.42822910950157894,-0.6164775286587466,2.4425163164340327
1.0557824240782707,0.7433176631846842,-4.653910288749042,-0.27768722460385187,-0.8472322705563191,0.6558330086605335,-0.7314606641352854,0.7718927362696226,-4.129331065110832,4.308080730611115,4.83113503561781,5.877539081772181,4.4491120459313835,0.022507109308195133,-3.7466713436328503,1.3340515667841737,-8.876866957816576,-0.46349793025495195,-1.5089844939889643,1.2129908993927772
0.5276082687369494,-0.050367262937915935,-2.7180587479581213,0.09854367561904476,-0.5738036725387834,-1.9913709627681444,-0.8107347416707502,1.2347901691027077,-4.5335812446086665,3.7895607525215698,4.224177414934149,6.6577372353293445,5.4694378796606475,-2.039593753738536,-2.5410503436835343,0.4756645438807353,-4.586764075005564,0.261745779188419,1.7734855781954206,3.7295607576010936
0.5985161922865572,-1.0491175256156922,-3.9408255967461723,-0.06818048306603852,-0.4863326030764374,-2.4589578773005614,-0.7331569326059444,0.332269738004618,-3.3697967576294325,5.189945526211218,4.38927786086168,7.296892168222536,5.166404059698468,0.7484250757770349,-1.3668387209650714,2.035424106964494,-6.3349248601946275,-1.0714652501067048,-0.3029147205772585,5.871425961652253
0.713124262188883,2.22236153580071,-3.68141025642721,-0.6040271645543169,-0.00020128315884293535,-2.4340929636323225,-0.810756415586588,-0.20695056390547772,-5.200493453123825,2.525581614797617,3.943138589427518,5.422123915034048,5.459773807395867,1.7693011482292405,-1.4533549060696245,5.704028130893587,-6.105094849058473,-0.3691719752074271,0.1881242968083891,2.1520716645815834
1.857825718040185,-0.1229920957544004,-3.2609168412531453,-0.5333350516650937,2.7877815371277475,-4.516610533585811,-0.7999884215262308,-0.40968013266019543,-3.5406955419283266,3.6873965434511535,5.087864011463591,4.106821290816662,4.3603959046484535,-0.43016628294970133,-2.0056226945402584,0.1315100435002967,-5.61350201882356,-10.896976386018128,3.3567093581055074,2.7489446495620515
0.707727178594393,1.9356726756616793,-2.594648850323784,0.15475719969425827,2.3357179588153754,-2.8398134770963592,-0.8649158852979095,0.8570737373882589,-3.3604689521258804,6.133817212969179,4.632492380901737,6.310810261686136,5.883917599913499,-1.8324762333573386,0.8864367600340226,5.076177487266272,-2.767959669189856,-1.7703005743718663,-1.4154066632321087,5.671403769568099
1.9239795774749373,2.52321956263057,-4.016929937217988,0.15335086583919688,2.4522414269121517,-1.6869438150378642,-0.6937769676012551,0.31849217744997094,-3.3645136109655365,3.106634262888418,4.589723127082125,4.5108732086228205,6.548475246127483,0.6474059730050367,-7.488278801856877,9.222316275656844,-6.324011087177062,-8.314355196978852,0.7631447142824233,2.639335193869016
1.254640055528672,0.8483589566306946,-1.2219764770588573,-0.0734890700752463,-1.0673127122281612,-2.1261496835421347,-0.7992190443119652,0.9803880917591283,-5.395894195201075,5.132742639466509,4.698872958467532,4.839958128367476,5.45557826643923,-1.3915219820120837,-3.0667680330871496,1.6520200741166517,-1.0642379882906812,-0.11161729375065457,-0.37937962054134244,4.5449852767611265
1.7550472110374584,0.5954160198873581,-7.882575411188319,0.03434578198343918,2.12672426409336,-3.7837551205378945,-0.7553698831939306,-0.02588202269596107,-4.604682165323942,5.209120680172598,4.1836813344343,0.19792010749536182,5.061333337561206,-0.246409734538484,-5.9438513841589975,1.8410394218875337,-24.331127498017917,-5.029674941331621,2.9198712187162714,4.303960354681904
1.167622784577159,2.8430662613204465,-3.9185819578365715,-0.01345619122154229,-1.9390026843220616,-1.992309378304853,-0.7190597483676437,0.8366957220699562,-5.896638183684713,4.5253570065555175,4.605280055769299,6.170755442006463,5.1170847809324265,0.16024610943110507,-2.6837517424785746,13.129578662844878,-6.5855752897110715,0.5984940103169645,-1.0128055092793697,3.9173541677065122
1.681821299687681,-0.3889612816936332,-3.2643622281630993,-0.5648994286125376,-3.4781129763744514,-3.357841883233055,-0.8601905623700848,1.1913367033480036,-4.385138681720622,4.213132284178018,4.405709716779011,4.826517949028912,6.31988328558268,-0.0274817179419245,-3.75842729969189,0.03277675647600131,-6.560128803085554,-2.2933885177338325,0.34306686747148296,3.042913908413918
0.8997033922279298,-1.2260488342202018,-3.223552565904437,-0.6023473876855698,-0.6586475190415907,-4.805726976814224,-0.7043938364609008,1.1456657551446892,-3.4278756482649593,4.287135947617854,4.029707662320609,5.6739804174950415,5.814850671675493,-0.8258140426499958,-5.609230213362389,0.27551788822599116,-4.592202687766957,-1.7405882457967252,0.40803088464103243,3.1426625357889675
1.9365743504287052,0.9067664630590073,-4.575684714213542,-0.553074369969937,-3.2693940481892447,-2.2190857666179205,-0.7791100202975135,1.1898532570135019,-3.6009628504367885,2.6485113430228244,4.277517907805093,6.084994131217139,5.772209607897578,1.407511568164054,1.50488047608714,3.638060156382337,-9.144703665847189,5.657577656113518,1.0615241104988564,0.2319206995235934
0.5528688760869737,1.6846917888434243,-4.369067974877373,-0.504969834876582,-0.1857138348721385,-1.0687990522101665,-0.8181335298511525,2.864501648877195,-5.372552700988184,2.6743092608901082,4.42317530207375,4.378539502433595,5.340073235041594,1.5097168866481283,-3.483248738876496,3.951461826416921,-8.9478962595252,2.0646769599408246,0.37588621732654576,0.5007049575873428
0.6113006762398612,1.008701313604288,-4.153216978834902,0.054019726107913835,0.6930113349914273,-2.0924962926193205,-0.8618931249810923,1.333172027325952,-4.976578030036482,3.041145298673497,3.916526390798953,5.045220135410288,5.03172584727521,0.31933075470529737,-2.9391625331433637,2.0400975275443805,-6.689814358798767,-3.087416635525474,-0.4064703864502822,2.281709586981943
1.5442644216976882,-0.22049676778680305,-4.727155815712275,-0.1540879258122128,-1.428759112746532,-1.6747992537758467,-0.7505245350671563,1.459867105120599,-4.166037068432125,2.6523833892252244,4.113924891763672,8.258218571450705,5.158439428568751,-1.301279460543417,-3.5616500763835033,0.07901475793905677,-9.41577970438804,-0.2357185889375881,-0.18864074696548433,3.105109012113438
0.6482709644660922,0.05781503349823547,-4.047455194826989,-0.34305164801643256,-0.5970049222725362,-1.8573994703184313,-0.8764832106681558,1.2394020031605213,-4.6658569882325525,3.966608584002129,4.657033533246158,8.27519848170245,5.326070201136714,1.3609208261149028,-3.5607240583280766,1.4121010311632198,-6.375383573114005,-1.587970296316394,0.15581747948496683,2.452915126109127
0.9919646052741421,-0.40329663237585955,-3.4367251048894936,-0.3507604275630559,1.2622262520108094,-1.9855558212989914,-0.853291185149808,3.6835208008090308,-2.718498804623236,2.247526144711207,4.140762754491907,8.017878446502547,4.404058535709355,0.16382605398003214,-2.516460725002338,1.606220794515829,-4.528594379886064,-3.5108624916172353,2.5286287662484503,2.0883444793341943
1.2365575584607522,2.3868061430543968,-4.2990959582907395,-0.022024738550753042,3.1677361984657835,-3.250759187912222,-0.726995433411005,0.9259962002522468,-3.6478518376130804,3.869616354996104,4.7461367241131995,8.040789715705834,5.8531068823741315,0.07431530490500304,-1.7801999871327554,7.628742246276672,-8.015652249251177,-18.831726121999992,0.09461442693967709,3.9862917509934164
1.608753315150364,1.3709240676836616,-5.4706586208052395,0.039294576896855005,5.512864164372625,0.11980903084175853,-0.7933236033976601,1.4263032269559943,-4.75484054719628,5.4085554947005114,4.050608679024935,2.566870986211762,4.81445822333741,-0.798463020216716,-4.647124310273096,3.029802964750013,-11.32681883795837,-200.03169073836403,-5.5722957606509285,4.6649806492789825
0.6959327328591352,0.4661089491000676,-4.792641226276114,0.07484307711948346,0.8556339086820988,-3.2392725650861944,-0.7813769442577475,-0.2854016872109518,-3.9668812806326006,3.878323765071694,4.179118736306869,6.3961854481820595,5.378990450960405,-1.2425745855381929,-5.205617214166399,0.382438550361508,-9.09968746754785,-2.349117978982896,0.7695227165082025,3.29378862694323
1.5337629911175736,0.7115498206491481,-3.6047055030167314,-0.206254227504369,-2.8074569744113056,-1.3851153238626308,-0.7288483458963373,2.7023599113219317,-3.29671954405742,3.2273452861847445,4.5085445162710425,6.287527983726038,5.405082337526442,0.07715497785301681,-0.8901485118419714,1.6680560007620138,-5.805707106783123,0.17100144768088446,0.9343240114906843,1.7979213566272563
1.7271011162906464,1.8889421198457546,-3.930834413445075,-0.047931155056432084,2.7905929284165327,-3.904863062148041,-0.8356833715799027,1.1007943925404513,-4.529899309120006,4.812911808368047,4.155254376804334,5.099205974963551,4.786065612498779,0.22101810788981574,-4.346340003949094,5.0276707295614225,-6.436409397742353,-11.251208786554907,0.22451159044025992,3.9874119959933854
1.6447778773044088,1.838090313768404,-1.3295332261008217,-0.563257448425787,-5.25314243595395,-1.8097979823527277,-0.8104882526589543,-0.29698793315055627,-3.8250234758467396,4.012131217109071,4.334918027980634,5.930030361433133,4.7469228994665045,0.07407375341444117,-0.4307922691974475,3.2802225598206034,-0.19852512372500164,-1.2702485182290373,0.8972839862643771,6.122826443896946
1.6232105788854743,0.3148822773183886,-2.5464326036210694,0.16340643815233136,0.8596651175956844,-2.0112932492335083,-0.6921412224901914,-0.4908381359165428,-4.507623217757982,4.923911131207769,4.4672165185077235,5.025090803003311,5.095426527728629,-1.9583931770479746,-0.559260283880745,-0.6865108397299745,-0.5920495721453909,-3.6280942718158964,-3.52075390206506,-0.3403386904239021
1.409550231744576,2.9613780642312815,-2.80639187788226,-0.24588868964032534,-1.5855195638835922,-4.647196201749029,-0.7477757454667973,0.8278165733118488,-4.108447728718514,3.8309204173633944,4.030127714447743,8.032264407949079,6.51744457354636,1.7616193831401494,-0.5204891386662205,16.88911299512879,-6.052553401012487,-2.631857465492199,0.8298992733484658,3.1641407984147896
0.7005615576654494,1.5181100620167063,-4.155330622869165,-0.5357235260917973,0.15402606347911263,-4.370930086019016,-0.7350971807442003,0.660695460922254,-4.288414582079084,5.063561923240508,4.18992542508176,7.134939897177069,5.483386975028234,0.5098330692100015,-2.9595839851630714,3.7913562292005984,-6.274529724596507,-0.25777634376433023,1.5278276105077755,3.2499292024501445
0.9532063578890657,0.5792275810141744,-4.591373287555558,0.1105681047746202,1.1829592441354775,-4.55755618932482,-0.7847951810241593,0.03842049110012247,-4.490554684434518,3.596945192383761,4.500266643465587,3.7290792841044054,6.444167667253545,0.15900688532874027,-1.811671962716323,1.1029376027302176,-8.492239895260209,-1.2103959214646973,-0.6725245888792004,3.4002504502853688
1.0398720242060784,1.3515639706179845,-2.292485735174999,-0.5150566163255392,-0.7680089549140854,-3.4793256939299613,-0.7032379005352827,-0.8859795464486854,-4.990548594551639,4.064827189989021,4.6298594710607945,6.1743379049328615,5.385403870349487,1.0263680099349475,-1.6325547145530834,3.4527017161369717,-2.0501210800042013,-0.5975191784882458,-0.14865485810812185,4.33742964857236
1.7469163408850736,2.103274115732077,-1.7717272724560695,-0.17829447289785183,-0.42237974697176495,-3.0108398706420894,-0.8127061292307722,0.5747466927558795,-5.206670713741439,3.888627106186767,4.62520366913427,6.5034371373642745,5.0880681569016994,0.9739165309457287,1.212502438379453,5.180823041841227,0.6296240623997118,1.2536001656951101,0.568009892985177,4.9402541631066175
0.6065633835958927,0.9781499292011925,-2.2353609470803915,-0.2753665600909462,-0.26574249622508145,-4.42909780225431,-0.6985961603346814,2.7540629765079423,-4.83698343885858,3.9363065042670433,4.540764163479819,3.680949577774209,5.429236817760442,-2.342122739515809,-1.9754149844690694,3.660308750708313,-1.788209639839071,-1.2512535951126762,0.1747122229554215,3.722315869660531
0.766080997223954,2.191964016966965,-2.268034794576167,0.05044986515127259,-3.5982021390576207,-5.472260318402885,-0.7543306811675091,0.9964226563339871,-6.0166214634192805,3.327644606287024,4.440117033792103,5.810185084083769,5.175216428199425,-0.58703709289867,-1.417434612728095,6.846524371658454,-2.6663597736016587,-0.2976201820120635,-4.37707539517027,1.5018119139627535
0.8356927319420037,0.3942173755935642,-1.7389633960586874,-0.11730933594821369,-0.1718000428905288,-2.8171022555447927,-0.887398206885146,0.813538365232874,-4.031648793583577,4.78204503068295,4.006113490373426,4.319761272203957,5.227794751887011,-0.20680958746046532,-0.600131437048461,-0.45036230963547275,-0.7497488891914026,-0.3778530113619395,2.12082879153023,4.91162738634937
1.3852968985829242,1.7797112238273274,-3.422800521311003,-0.0960345088743112,5.658564774521183,-1.94792240428993,-0.8395194670011703,-0.5679500798293692,-3.8086432889104382,3.101285651533268,4.061709017413632,7.99945560123998,6.907875025753032,-0.17175291597450787,-3.0910839597220883,3.4981687331606732,-3.7281431983509066,-233.89555386763254,1.5325865432410266,3.3635167370302854
0.5830854042503995,2.0047728824761473,-2.5247585056017225,-0.3930957724946686,0.960987128229063,-1.665118175878312,-0.8376416242173944,1.0233244917160058,-5.042372700782245,3.289061188377507,4.472769712827175,6.682327045410133,5.633292627497098,-1.7134663059669455,-2.48468933161689,6.765121939182009,-0.8658408461381768,-2.008710272527951,0.007696763098677631,1.679242017396775
0.9087296171441381,2.3198917118779248,-3.818828461077451,0.0816112901300502,-0.6313404592830929,-0.6173821652583276,-0.6906784230734162,1.7291938316574331,-3.7619112028407553,4.316289560814827,4.202799957126532,4.33372980291122,5.798610829272752,0.9801906450291455,-3.9176666593729266,8.769942993564715,-4.288165237720348,-4.013188645960674,1.2094187179677063,4.140415783252829
1.794426792486808,2.1505199733914835,-0.7632856858907937,-0.3470923548095132,3.493493490335898,-2.9843195812728727,-0.8780733458797553,0.3308975686700335,-6.6389869560322206,5.305081191379121,4.05731351248155,4.709798712063425,5.338543457480303,1.1994424642490957,2.369915669579096,6.718327000382118,-0.46113356900898445,-24.438318994357196,-0.2699434452961508,3.9320831909170497
0.5839563285198466,0.8653092584119808,-4.276462618287457,-0.6051807052839199,-0.17630644671232942,-2.842267745314649,-0.785305009118857,2.9532971795116505,-5.07615483575498,3.9710643867431665,4.616910431577572,4.095250998605585,4.445820234875801,-0.17135904161718327,-2.7587429641640324,1.0684942888621132,-7.03783912571283,-0.6170911749457528,3.35912791446897,0.9271901035232188
1.3381196698459459,0.42172150632777805,-3.220042097707993,-0.10722938069159582,-1.2199858911380468,-4.071873629576214,-0.7397787697880582,0.004030200091647895,-5.459646671897434,2.777814229539124,4.189869454755589,7.548154190983734,4.54152137046063,-0.4720513908273951,-1.700258089597458,0.9370589075137383,-3.4728261502175317,1.5547987357528295,0.6670587873263979,1.3380750392539462
1.0520181203598504,1.2307569738686346,-2.7846810300958906,-0.40516099036618825,-3.235781650876872,-1.7574393158418382,-0.874360515298814,2.0011774578505004,-4.848353316880695,3.659704047770865,4.161978046453847,5.136487028751199,5.374277010046086,-0.5451381858197744,-3.239464423445933,2.731515760258324,-4.389554881148106,-1.1953787219100522,-0.3164236750814612,-2.011011383413447
1.8472131981480682,0.186483898185982,-3.5162383472853813,-0.23552127064226086,-2.6627444951655357,-2.685431349804008,-0.7250972385893173,0.4492715489011394,-4.190954649593796,3.9540796671125187,4.04344251307548,5.5989373031491665,5.085147049155498,0.10415004063763934,-2.839302500260797,2.7312919298800753,-3.0311415980539307,0.9332723712689597,-0.7581364758056083,2.7637862899099326
1.2222580690055298,2.8325054069330986,-2.491156678529832,-0.5642928729506597,3.1495301049329267,-3.9101370311395853,-0.7825180940081976,-0.7064214245456912,-3.8501839692524125,4.501003319123067,4.121964224807251,7.401327520445483,5.078871150648585,1.5989245360307085,-1.2952622273119847,12.880483626882041,-2.8656966227738523,-17.685420497940566,0.6434051578656386,3.607940095066542
0.4931109480060246,2.299580558484104,-2.8310458115862085,0.09331749109339027,-0.3820760841296633,-2.188166297404284,-0.755906304084408,1.817567048022922,-4.5566481377123464,4.388721765477841,4.14297434712078,2.4761086621183597,5.532119449431039,0.481025253235169,-2.188582921857637,8.083690889498664,-4.762202847004819,-2.61714723319372,-0.18835696730829543,2.9722259342199564
1.3981626721368157,0.5165863766926728,-6.623588529019655,-0.023558718157148495,0.7297430703532628,-1.5173686917399445,-0.7481395525900539,1.008757307010328,-4.9194384171211105,3.996581648805491,4.563594318519183,3.3102225542818258,5.962368070920943,0.06311254062752514,-5.688941372424457,1.2873789007674752,-15.056648461959718,-1.7904829248294905,0.2091585044226333,3.7269224352586554
1.7227457161327289,1.1257006556383813,-2.3915904805149997,-0.447521913171595,-0.10806671197138318,-3.1762547446292038,-0.8760527384846756,2.845206335682613,-4.225040137043753,4.866235298006686,3.9119044739240216,2.940991727507406,5.404463054033829,0.36730618254478226,-3.5030279383433243,1.8722523816438719,-2.3907570335468464,-0.9808628796329697,1.0412187787955551,7.537933095169393
1.4421813608525438,2.040488144294283,-3.341672397318524,0.07152525286973677,-1.5609734301728444,-3.8380736372653654,-0.881445420888367,1.5575633277356595,-4.438429342513131,2.4794309044641167,4.1849619199505845,3.052194123715577,4.714810168484783,-1.1292196340564145,-1.4805410740719611,5.3321014279738845,-5.015516052637432,0.03985015823328322,0.10750708891247711,2.9266344830728137
1.622003189029985,2.035839237224196,-3.9589856018201917,-0.6095301482450641,-0.8085694508893015,-2.826782529125144,-0.6999499756997278,-0.34264102140996266,-5.471891844433389,3.3023649437915,4.10965612041674,4.55618884184659,6.787205959900817,0.29204031866359453,-2.6267082643457136,7.415114450324745,-8.02729969844691,-2.76650032224145,0.3930428835131577,2.848440187864212
0.99446834673023,0.02601248800814404,-2.424465691602736,-0.21942887970709207,-7.050327766829379,-2.444224920192246,-0.8599759559051675,2.7021431043825173,-5.289269918280347,4.178632157525775,4.771537634628835,5.364397458280271,5.11837409676775,1.36291896739146,-1.5926995936091684,-0.11454085323351693,-1.7737073298546573,-0.1258013542711391,0.49961152091751737,4.558096152730492
1.1940129912979935,4.391375959317497,-2.7416266551364403,0.14712044133273117,-0.681932881326873,-3.7408998069356363,-0.8529871836234997,-0.30238834440498097,-4.791272776355004,4.562493504425701,4.003772479294935,3.0029359501626502,5.466043778637599,-0.7266108317346358,-2.651653459902816,62.435067417627195,-2.314521959616047,1.509330976697222,-0.306526517147521,3.7514303903960826
1.4357434528918522,2.7033082247509865,-2.600117426262523,-0.3763710294937434,-0.8559560187694749,-4.149064655127982,-0.8728013445695124,0.4523993162049309,-4.3437665498888975,3.3880736380261958,4.791307082709971,2.9032398876993426,4.315562144211829,0.7074258169349239,-3.3984475933184006,13.15618988735617,-4.339772779428108,-0.23165033791411177,1.1254931443569687,2.5615843940327654
1.2270656668006303,1.390311704357508,-1.652087249756827,-0.29563674394748524,1.997811968190041,-2.4877619814244767,-0.7645891794284985,0.009358314131699741,-5.51453234638622,3.6989157064396707,4.336482699923348,8.572711012013734,6.38606014899074,-1.9955305004716024,-0.3195920635482655,2.0033037226844708,-1.8730531009819313,-5.529354123446884,0.09240257015704184,1.5684227868211382
0.9637941686179994,-0.048089009176097264,-3.155489059329473,0.20551468749706736,-2.0210793133450906,-0.9922305012158446,-0.7905500634897685,0.6536612945489433,-4.365982310335441,3.453160209004009,4.5513782149744575,4.9515748641284105,5.070280080404714,-0.5312413748409323,-2.12369521428675,1.2765416604340811,-3.0892799682206977,0.10582271485934626,0.927573652688968,4.260194788876006
1.5560342650902543,0.1193388802463784,-4.3451967469746435,-0.25795522820583355,1.009572138642659,-2.5429063946127872,-0.7696951404384655,-0.3399242826485711,-2.6318071166354144,2.939236438827531,4.159261950281054,2.4502017507524165,6.265021518999378,0.906688763401633,-2.847453917463441,-0.16420770087044767,-7.744084828418783,-1.306021111565753,0.8658352301842037,2.188678035414868
1.6996346221286607,2.1686462045321586,-3.0880393962359998,-0.4526724493773895,2.6667436634930137,-2.7780429848172856,-0.7403417695651158,0.5808455980144056,-4.523409445418789,2.299760446336065,4.239671931602976,4.886042574754046,7.106016031088487,-0.668695081064843,-3.9130947000024348,6.668206760697781,-3.204023061433585,-9.179158825885636,0.37684963786280623,2.2851737677820783
0.7837347305003203,1.5712001381372294,-4.771518921650777,-0.08478791920485895,-3.5328765782345735,-0.9704370421994106,-0.8858396745914517,1.4451227083507119,-5.514009535409556,3.5345263497443935,4.008033723158392,7.171039223379452,6.80683570081105,0.5712014289255449,-3.3308018352749365,4.1923406014806375,-8.531542820568049,0.21970803376930387,1.3008856034981187,3.051026141865956
1.0693085048971582,1.6758464063087597,-4.034611192994171,-0.5760079566725659,-0.08445606332130001,-3.4196093552725637,-0.8486051700691195,0.1694151870339431,-4.43388607466632,4.124313091960356,4.53049801942319,4.472320981166364,5.8033368195274075,0.057966572322522836,-3.981925566074052,3.490190193543926,-6.56936771331771,-0.31034050472576946,-0.945697039737747,2.1028802310609143
1.2405634205252922,0.521449218485889,-2.541159167559492,-0.3809173300456574,1.5011614687458823,-0.36933530725847197,-0.738346296652576,-0.19727959179184085,-5.230392799723512,4.941453413266554,4.271336079096739,3.8962526867524048,6.251265989445939,-1.3282494691697049,-0.9009385373772933,0.9535837975845808,-2.518463524953832,-5.715263834632225,-0.179412914541357,3.5081070224456665
1.2596231852422883,1.1382129018416494,-3.1254059092873443,-0.33704808771980455,-1.3125550024135413,-1.3349049084869355,-0.7832499096351343,-0.45167688284031915,-3.3673810158832804,3.808124323819545,4.379614305707609,1.0077828829750493,5.289573910686801,2.931552349422489,-3.1280122664292964,3.5437035092537763,-4.310018904118903,0.6960749213470679,-0.26292194191998797,2.6484050343000827
0.8203283785221758,0.5236423358443919,-2.335637015218449,-0.33352703918416526,0.5859343061066136,-3.0093291626100496,-0.8113125658451663,0.7936536465530584,-5.018920044121026,3.6222041987797264,4.281961601238404,6.656142383358237,6.139210268286671,-0.5159700411553845,1.6507470840740222,-1.402766856183005,-3.4240717409730594,-1.3875491367872665,2.148850958962069,0.2905446527704654
1.0101499842575938,1.3558503414239857,-2.5575882517318633,-0.325777783704961,-2.84281129986979,-1.8471432698066783,-0.8654686381333648,1.4923549921765766,-4.4076895910762515,3.674973084796305,4.5759031150995835,5.418337746518108,5.100804728423155,2.508957863542902,-3.571258396020532,2.923916090758212,-3.0111619376508587,1.065848749533685,0.05875823786722288,3.148602219362516
1.1295968942388948,1.5877730393403593,-2.286591153594992,0.12355937794124627,0.7770196074785838,-3.1797402204252303,-0.6899365898206768,1.388202740422662,-4.254983277731272,4.150645524016804,4.234442111163725,7.905742066599237,4.780159888961997,0.7089979631760978,-2.583763129740179,0.8204921615644172,-2.6229891316999936,-1.1588504263907606,2.4908456862410033,4.012070985446699
1.3257090507723404,0.1191376735260965,-2.310200367733309,-0.28103751291423734,-0.24234784554739375,-0.697635336459401,-0.874954443373388,0.5868495238422458,-4.7907831826218725,3.593777017291025,4.271457252617487,5.563248415144931,6.243988917268619,2.084120666340038,-3.1203856972871726,1.596211139872399,-1.3627136760658298,-1.3156304994533143,-0.2768973167700643,1.524987804502161
1.1322609016241287,0.022650784132842716,-3.130658919356773,-0.4804749634337279,0.6543934892842362,-2.9833518814131477,-0.8170963204036058,1.0738224204299924,-2.530099719019304,4.047275230049272,4.24240059252093,6.076840411090923,6.089735910647489,-4.328232495050655,-4.411413824937652,1.234260470751073,-4.272558157581806,0.05785134807329362,0.7134646343836669,3.7328223103478533
1.932341368871693,1.43706874214073,-1.3917336525560737,-0.1071533393208246,0.1348602023752682,-2.2512235050466507,-0.7265586861222963,0.46208477800431336,-5.840335372285757,3.0991062935989198,3.9992588910406797,7.5282747660218465,5.387747810811597,-0.11914877420600528,-0.9805978052239814,2.2767381542715275,-0.29803421392077295,-3.1572942599425975,0.7519922496536464,0.7051491423853464
1.1905782166819554,2.6405642275416716,-2.76616267019075,-0.018453285102484562,0.9891280242354723,-2.761830161567604,-0.8112698996016904,1.0226488408061085,-4.8455600160945025,4.467149853334877,4.241451946454536,4.636787425176634,7.311194546246213,1.7262236247661842,-0.6973457459809549,11.063496159577111,-3.802873559737005,-2.411210916221701,1.5351601415228484,2.6852980665997426
0.9733147687179179,0.4990637252994733,-4.975082835399284,-0.07677132373958617,-7.5146676652673845,-4.123373615728522,-0.8247370806488603,1.4892786436470677,-4.594156863981047,3.837700811143204,4.132833544301017,3.97036429354047,4.93559629579937,2.206907445923177,-3.698054394924089,2.474099045410715,-9.317942565928178,-0.8043143606259133,-0.6648081359420761,0.023308004401557447
0.7769495019643404,2.5599056396821664,-4.17202419471594,-0.6031783447749617,-0.02755298523423888,-3.2187815779138154,-0.8184916527371174,1.3342691309653265,-3.576144696469764,4.449646787948689,4.471208082661709,5.59554009894019,4.479541435093244,1.6783383722827336,-1.7864383844740606,9.897445901229952,-8.805190854522479,-0.8795236552321417,0.8504681579597452,3.2038374043867344
0.8483646395151956,-0.4813242004438918,-1.0499338748148368,0.20202849603739415,-3.123518980121154,-3.6470301044348843,-0.7313240953080988,1.9695966882459124,-4.498713045806864,3.2357743415506928,4.495071886434367,4.158273856947229,5.025839196998632,-0.28312847282252684,-0.11908855782370331,2.2067630442709043,0.7327497002310326,-0.04018501175429562,1.662406152737729,3.716553326457543
0.9618283139099543,0.002382810686473835,-3.945546991396456,-0.13822869857308606,4.419589521247745,0.503464317799077,-0.8124353471083822,2.734570047531252,-4.102318137129261,3.2871911874925903,5.166023507525582,4.899163329587188,5.301354067304382,-0.45197632259477355,-0.5265994554688866,1.5905020046233114,-7.163423683726085,-67.99886951752167,-1.2405111424564463,3.556577236569846
1.2871053172767346,1.6751044876712382,-3.091829530683918,-0.4514206362388963,7.330552097859704,-4.3248930375022425,-0.7335819166355885,1.1078005628863532,-4.086613722310575,4.749328944476439,4.8704916122543285,7.030511040231415,6.3904105534537585,-0.46641004487607596,-0.7208688513445232,3.010645274807387,-3.842587979124536,-1241.9974611880293,3.7194583451829972,3.3058397440382636
1.7872876239032407,0.009198951584109993,0.2344093848087887,-0.489166484916688,2.579512418020169,-2.9612155075116235,-0.8132809530533411,0.8249455288403176,-2.714688381249287,6.230440839094946,3.8144266170432544,4.715981220238561,5.077381889397403,-0.7899466525894234,0.1805516756091251,-2.5911821001985835,0.5929340386532509,-10.04248718707026,0.18247435843198764,5.489153987554022
1.7820004508785257,1.1771789832973196,-3.8274358966020396,-0.4505112067303091,0.4228648429490667,-3.797139846704959,-0.7658446765630382,0.08496130258213719,-4.3428232028854605,6.051749282455202,4.493630538263721,4.970455015469015,5.127600508653277,-2.2010369854251617,-2.551822600191356,1.3388504015297285,-6.0769463182142935,-2.4286067000715805,-0.38577280416084303,-1.180683029602963
0.8212162418557963,3.2438752829056647,-2.8250614569301415,-0.20451521306884457,0.6690973714788653,-4.165863560383409,-0.7071906035236482,0.5599107113273889,-6.7813943511699595,3.3849113552123833,3.992190536343941,4.320015797430838,7.288429633783322,2.158238509080766,-2.279958401078615,20.686083829174816,-1.7334205394196625,-1.6086584440486043,0.08573673881998414,2.9661577237059853
1.577566913587991,3.0168063578082798,-2.8241843431758893,0.013901397130553828,-0.7070997594197397,-0.7155856113788988,-0.8785927397163718,3.1158402875905025,-4.637906446261941,3.3298090026421554,4.209092413947189,5.009605708194921,6.750615887207635,0.6719856866202779,-0.4216201536149462,15.415003932618774,-3.208753641815152,-0.2575425963190657,0.02124508359197118,2.3315976585396743
1.213462514240307,0.4952854501162648,-1.1201662611781416,-0.3203682465381263,-0.3443604213182383,-2.7276344063472173,-0.8218985824694512,-0.39847198403224093,-5.199230102129377,3.7179964401223033,4.331947355064433,7.0998428315144855,4.700745964356446,-0.12078336256183952,0.8835809405619881,-0.02540682832072305,-0.7285992481214201,-1.5993145139309017,-0.6101267990699321,4.082308156519546
1.4564118412491482,1.7694963260536174,-3.242403859087447,0.1138640094503206,-0.16771035535990664,-1.0117993650932653,-0.8810779293380008,1.7752698183444093,-3.6092438751028313,4.15511036199427,4.848172632469165,3.5459195550778997,5.418070771973802,1.9062934524522799,-3.3542850877868724,6.795198382821363,-4.071992955175659,-3.09611316203093,-2.289710486306583,2.724219732368838
1.0745748924466079,0.13526885594270177,-1.230086852729656,-0.5340849503820253,0.1363177721333344,-2.154411390954059,-0.7998510818234559,1.1888835493770409,-4.234802861071259,4.069652698852717,4.152590279822696,4.027409960562181,4.99681855284096,2.8344004733953474,-0.2593333035929931,1.7662190252535388,-2.517986516583662,-0.5386408220982133,-3.284428342541688,4.296532417849886
1.0233781201719299,1.4628688915075725,-3.786425750047149,0.136339656880193,-0.9273040408912077,-1.2390345475898414,-0.7623331476440002,0.09289567013946076,-4.859260733390578,4.294570083311828,4.129230409576391,4.775758054022461,4.8757782774822385,1.048687474901195,-2.474819006590197,2.334226897556968,-6.60435060892539,-0.8704042631519243,-0.4491305234875912,4.982829448661292
1.610828916243999,2.345186959302315,-2.76451400600014,-0.2645652123808005,0.04642459999235149,-2.927712203550699,-0.8420331539636026,0.3783193121701136,-4.179026720946239,3.9593935614730915,4.761161633027079,3.647664685840667,5.966577781158848,0.8409031264670789,0.010020205340060429,7.601996260182773,-2.1495455444667684,-2.7876874166450953,0.30593309260132656,3.6957008179197572
0.5636267356883761,2.1274818414280605,-3.4812235470656865,-0.37350965656654034,0.7107694008558525,-4.141755072633256,-0.7912299239242278,1.8879246930708202,-4.0809169454641765,5.329435646869884,3.915937597220142,7.086051755349368,4.9319269197069735,1.7322037184859966,-0.8067374084286356,7.588181750775611,-5.2936362834141475,-3.409791909842347,-0.39828537960089916,3.743352687828176
1.3243274626693444,2.0466413587140426,-4.273685553780839,-0.2950422526523784,0.04623416829271809,-0.7061336129318674,-0.793028500796972,-0.9867048327975987,-4.697921193985286,4.305363660061969,4.073630178150064,3.2934454383131566,5.425837786486292,-0.29437072446486723,-5.342658093430035,7.064830188154506,-7.27207842536743,-1.300260811162272,-1.2935849627825717,4.457724817649215
1.288214097978463,4.63251313109928,-4.774885478222626,0.016145660239426762,0.03132419198563252,0.021426911560820106,-0.7041173172271464,0.8782380520277768,-5.466131388528513,3.2944642065026324,4.8109434485605425,3.8444521110034686,5.116876229990643,0.9455372438318699,-6.249332228366866,80.48398733001339,-8.20486372026992,-0.4865033701909235,0.23020120179734305,2.6804135288363784
1.2298474539767943,2.9303788849703123,-2.635869099981479,0.058484268535418216,2.2782807962533402,-4.639172787178856,-0.81235100172701,-0.09536552937306841,-5.515013270860173,3.820425407544472,4.4746677995034,7.0584497267981,6.107391624246051,0.7608815417734481,-1.9605023969365836,13.530630359417216,-1.637247617176469,-7.981770037569276,-2.1863286141430187,4.243025360309531
0.8786290471763905,0.11099695897983053,-2.3622638473756266,-0.23213586780465706,1.0513463308514694,-1.7848055653545316,-0.881163764644944,0.6975167966182239,-4.566523566874667,2.9110957273421443,4.396400128219122,7.719590661217982,4.829612575996797,2.8341913563482475,-0.4295609722573497,2.2505930955431737,-1.24642575534763,-2.4094044021132417,0.22771523573638375,3.3799959007462013
0.672851054952297,0.019024852192162545,-4.26298187520437,0.07668948136844855,3.762806823113956,-2.733068897773689,-0.8089358671737281,-0.4619568963850672,-4.218657855165133,4.0461404237197,4.683823419658422,0.8691041664002928,4.380992567995532,2.1117455384466934,-2.8886324209860303,1.9082919587975242,-8.178869798930286,-34.94581717456546,0.307428503652643,5.16697565704561
1.6481320777163038,0.7790336042412522,-3.3059434468297657,0.08919519446359425,-0.6142517822343887,-3.045424782773527,-0.794650379080511,1.302610727536846,-4.119194298135773,4.34335840185239,4.35527151745301,4.494273055883855,5.116641115385014,0.10960538513280425,-1.335469940664545,0.7967365059570549,-3.9551814899459448,1.5932717516998585,1.872877687757201,6.124155152351942
1.899009439056405,1.7638513288729352,-4.451383845587694,-0.4012612957873283,-2.020381951271424,-3.672301084441383,-0.8501019850633944,0.8862782251742507,-4.634997739067403,3.0459707776927125,4.400140720454141,2.9531175976895616,5.279528065800108,0.8326960334359159,-3.6245018840209906,1.6398718428334167,-11.061855093406237,0.6676958907857277,0.6851866258798015,2.350890855382821
0.8249554523838408,1.7276668922429936,-4.860089938423668,-0.01522692492234401,-0.3421145415999482,-3.3977251894232277,-0.7054631163580399,3.4698353900801737,-4.622511001573785,5.545375325478951,4.330181577975549,4.09709085965889,4.611563853788516,-2.657898036337204,-5.045122276785543,4.012485607206937,-9.619354986444181,-0.49987913343107254,-1.9716145678822667,3.6577946626959905
1.1285525866980013,1.5920770487444758,-3.195468884904573,-0.08255141718412262,-2.8234390221837784,-2.385507454141366,-0.8666770586850968,0.25913884523287223,-4.519100293535209,2.101483342728245,4.147540672037489,5.052080686949655,6.745590417746422,-0.8720474634645388,-1.425327646692652,4.813247852043794,-3.9946669791660847,1.74433258677059,0.4432789613402294,2.1679003797150473
0.902705706626801,1.717745538396888,-3.0342509453425506,-0.3708626343826592,1.5949838838331458,-5.388229268547268,-0.8826839258410929,-0.3466899573325414,-4.370374986557293,5.71194108953766,4.006615140321908,6.891961057164676,5.49949732150446,1.2567857584049174,-3.302090009202451,4.975733675914013,-3.654468838114268,-4.823024718359366,0.14816089696723728,6.077093496422997
1.7542110432488622,4.524655795651554,-3.6247329224427727,0.06758476946837833,1.6651899409633377,-3.4914080235897225,-0.7392376145000684,0.9970593509788013,-4.655565403379429,3.702262800683957,4.583586690981957,4.231557251266027,5.741757611457386,1.402819582153399,-2.5167454031134335,72.32172866678498,-4.892218580933754,-0.1888988043581472,0.14881730743632107,3.987572280439405
1.8697487747814956,1.4945005261975222,-3.1117424084677796,0.17479560511260228,2.4274151279751837,-3.744678510942479,-0.8065625428778082,0.821272975922049,-4.747476243669542,4.152532723808751,4.657149579967798,3.4224919067505115,4.990601869104637,1.6908950183081335,-2.7440759173289133,2.7834056241183465,-3.6981659186233977,-9.777576506335329,0.9696481650061928,3.4127148883241962
0.7148004084900987,1.5581188959398289,-3.561181275108854,-0.023186682201207787,-2.29330615171401,-3.4345619803731884,-0.7115096594015895,1.7912193377412002,-5.5186243722561255,4.446014911941973,4.769044866711389,10.835823157480757,5.422252082214049,2.7690817815943096,-2.26788809852087,3.730218505633704,-5.717767167581429,0.753437054830223,-0.3592710598248138,4.232571933059508
1.885372622013574,-0.16087810884242515,-3.737263460072519,-0.3871425356269803,-2.512933101659476,-2.3542900403693734,-0.708495994997561,0.19844749584204346,-4.626932168777624,3.8612424729957975,4.098743411096695,5.306798915922816,5.153334235197496,2.97327158123467,-2.5425381038683623,1.8300468426975005,-3.3540833553651637,-0.6576159670897113,0.3153242632951484,5.019964550524316
0.765839314561376,2.300701332546437,-1.7007382420500439,-0.2585088696708604,0.026628399362114363,-4.864333757879005,-0.7354846830865361,0.17382774557385594,-3.397863449097599,3.5305070810151364,4.498357637291069,6.122738450123894,5.9698168275222745,4.251039205734386,-1.7602156261326356,7.934264153934828,-0.860766000274485,-0.7958235964414049,-0.10308858301329464,2.811328553718491
0.8067925808619043,1.5363215336062166,-3.761055085001814,-0.08416802538697898,-1.264625243707635,-3.5652322324221806,-0.8633811573943233,0.11627786424221287,-3.773319515894822,2.7300773620073335,4.463290980636284,5.589742538590807,6.6329935070597275,0.377681739669272,-2.9481899996474135,3.1565934642758675,-5.8655650871346525,-0.5312109230622735,0.8275117367750655,2.7115237184793557
1.851074796493713,2.1502350487943573,-5.861571803812856,-0.15625618459789797,2.9422423620125766,-5.3072836036701245,-0.7327462218400038,-0.6312394149045227,-4.125953041207064,3.933572557949369,4.4925493907958245,4.5677738030738775,5.8367189987017,-2.607647987935716,-4.504794828347278,3.293467560405,-13.986113881004792,-14.11933203244695,0.8709903660162166,5.355118289325817
1.2337324372973248,1.7993143402499814,-3.0081782606023664,-0.16412121954774045,-1.0592063352431609,-4.315978008912747,-0.8403593245587605,0.43360645830831257,-4.2491796243855005,4.362226945044104,4.69624552282608,5.093351198255544,5.769276401360928,0.3029970384649664,-3.4022047036876284,4.457167912351305,-3.5538838674848807,-0.6887612834248585,-0.8706288642151169,1.3718712887906688
1.9270810098206337,1.407369261584826,-3.0675860604569376,-0.17701653229159986,1.6911075183764201,-3.0842093276619136,-0.7120288632451323,-0.39536606246912487,-4.303348478388738,3.6416084487453975,5.064078669533717,6.02124898390102,5.701139914465854,0.22968037737726177,-5.092624602776917,2.3673811752504954,-2.4082926247527707,-5.063938616482335,-1.9860970512900489,4.033899818119742
1.5821730082002556,0.7938333652815813,-1.683147757559171,-0.12412507477610552,6.738682333856049,-0.7055984608186343,-0.8368454463103665,0.09636649891792404,-4.6512599931708785,3.962480007170191,4.328961111505386,5.511824267823447,5.367404483606316,-0.9998203827938708,-0.810382482877938,0.7296196653503322,-0.7846770061457189,-683.971097371122,0.7310966751436974,3.464600229895085
1.1042819568091105,1.8047167877765435,-1.808881872644961,-0.08832635535229383,-1.1180282774494668,-3.906358418179976,-0.7227910450604936,1.2101624657560084,-5.008664302724737,3.725984422457737,3.994363756945282,6.143566187200162,4.660961991298292,-2.761658195991658,-0.7800058388462883,3.6771858102404904,-1.29758703698184,3.1225716535631354,-0.5882938539852376,3.458084383912047
0.6524049649060302,0.4413205228734842,-2.28782253719458,-0.6088410430898763,-1.0011636726124111,-2.072305999519237,-0.7063044488468948,0.724832116892,-4.642607618730649,3.804124639428199,4.1414031550452775,7.183387619069663,4.734874758383195,3.800829114386248,-0.35353814552675056,1.196093017310559,-3.1587583562907735,-0.9242814679114146,-0.15683561690695005,2.1276056858518526
0.5789595649919189,2.565493713881491,-4.663086202679301,-0.576183317645695,-0.7160558010354566,-2.5447292984614456,-0.76577856795631,0.6457877423727996,-4.089136905819951,3.997769419371453,3.9967298360034,11.80036648714714,4.626235868976935,0.5400015681124419,-3.9385401596499765,9.599144163437153,-9.316980763629358,-0.48788987032102515,1.4586407798584489,3.2007040340428445
0.6041895045695649,0.656746977990409,-2.4147412057518096,-0.18753514987282321,-0.5110381381279069,-3.959898542391601,-0.7638910877229603,1.703939673655702,-4.37088119490345,5.683807346952922,4.226075493123913,4.409487193319294,4.9974035717767915,-2.5322758679512374,-2.8990435942118795,2.515282474373283,-1.0529506548812921,-3.1947373634411513,1.7322533676500282,2.256558498126177
1.1327361457063738,1.356597546028438,-6.595181389724604,0.1417253234305218,-0.5784271906407925,-1.3054909580976688,-0.8601738868569017,-0.16770670899341278,-4.309912328781749,3.6528469026681245,3.8946957226645957,5.396513163063081,5.1308436066208625,-0.19550602024518016,-3.4219896751772034,3.7755383249949555,-14.56280460110009,1.6803830500640111,1.4328416988720272,2.4250637645027577
0.6203460033022721,-0.5718893405414738,-1.2288038950460114,-0.13736404645332817,-0.439195563234189,-2.3643677796561335,-0.8550958154646603,-0.13146023756556557,-3.44208353111756,2.0675126951784364,4.067409469651204,3.957248884558082,6.225373741449813,2.6757853489536165,-0.9651322840745074,-1.1664147123317632,-1.4920663795196538,0.08297285021118628,-0.5826662070649317,1.344151024570917
0.9548296258669656,2.2146137528096927,-1.7027789542597789,-0.3353347836610617,-0.5649768470551114,-1.405313042197767,-0.7501074259108345,0.3754313760799637,-4.399561374067303,3.1270116720587957,4.26322382764362,5.177578183110846,6.083703752528269,1.60192467614951,-0.538772750980045,8.151201469802963,-1.1913497986738417,1.8275169406613432,2.581625854068598,1.7597171958076345
0.5742583271908392,-0.9459055170475543,-0.3776973485455857,-0.24097477920983218,-0.12025858041020054,-4.18833901226697,-0.7788321377095677,1.8908388042049125,-1.1678213485984554,4.764778706785085,4.939030928732259,5.164016186272855,4.84580763881644,0.7423876994214572,-1.5388745880893158,-0.2917677008777145,1.12545480397924,0.8058917349847537,0.013695918125697829,4.714563531825077
1.4564467586547936,2.3755986138790255,-2.83572556943146,0.18463096468332296,0.654726435881579,-1.6896959439448385,-0.8433243693365506,1.9344748505070632,-4.154065966340417,4.722645150458832,4.600059487813332,4.5692028724398455,6.563467432737676,1.359521778117375,-1.2575800482014188,5.3861662608577685,-2.736655209251759,-1.942897041292212,-0.31563201266451346,5.069661248162973
1.6269524714097,1.9553770159267279,-4.17852882823045,-0.11122197385522725,1.0993827562078087,-4.324426845821321,-0.8258148415186242,1.3323051589102093,-4.340841459460202,4.582221908713457,4.746964972606956,5.374593628218575,5.5085800228681485,0.3705632854541627,-4.458518194407157,5.107004724537504,-7.651045564893331,-1.0026883637430168,-0.13714843744654165,3.7730555063786295
0.8491494491672475,0.8039077074873194,-2.369721442710775,-0.08421294151604308,-0.9170930185883239,-3.6216858230894107,-0.7481890563989773,2.101367714435882,-4.550978960041433,4.100348084277899,4.369474675447001,2.8274385559507484,5.161402594096912,-0.06441761743181901,-1.5959715448041516,2.228600308509626,-3.2215025120812504,-0.5693932616320437,2.7266540328374655,4.335236217024513
1.1486130302774744,0.928741111174956,-2.2191608668784113,0.1589865913896099,-0.030452451429847538,-2.142345715139483,-0.8612652079153822,2.3853696455648303,-4.623970103530113,3.7665469724580944,4.168644761989051,4.9122980825394755,4.9154746468949115,0.08613259947597562,-3.0828714410500373,2.27236853975572,-3.439934895349969,-0.6442511150901817,-0.7313330891559564,3.4695997816590625
1.5917535518060382,1.1028886205792996,-2.9281939740912195,-0.2086925273567689,1.408811119873746,-0.7869617318266808,-0.8425895166575063,0.1326575578055389,-4.093559342361574,2.8994532915980424,4.20770984366515,4.41171742899035,6.611381623898836,-1.3259103073108807,-3.4734398381930456,3.431725497301162,-2.51641006788259,-3.134715780821742,0.09644172754675065,5.959291066672138
0.5888037053507222,1.6307654251768038,-2.7018865959475504,-0.35699384643303117,-0.6382778851520783,-1.1755919495398701,-0.8713770428244119,1.3967582706685477,-3.676385305791311,2.1895746978713024,4.13423916073177,4.5715567336526295,5.1362932515437665,1.3025309617954293,-3.099855191533789,4.485643146751002,-3.1373736014642866,-0.4885567782385505,0.20736290617660008,1.9381248150739288
1.3607649954721968,0.5590956129712048,-2.3844296289128293,-0.18943926585335136,1.7166360713840039,-2.803110484546457,-0.8715872332009957,2.087424405811164,-3.897937364700189,3.9773482858330946,4.291278081627865,4.162729656105658,5.381733980111621,-0.6634444758149374,-1.6532169660957776,1.5791808906720024,-1.1861386540974737,-4.164054698578877,-0.07664256486268607,3.427080780756589
1.3153687898854245,1.6822572622737444,-3.0305173476564877,-0.5294657487458312,-3.569057827797977,-1.749173607486457,-0.7373158786841162,0.9000017378459662,-4.957903505058576,3.1277593830499706,3.910710259185355,1.7192296824465365,5.8931628875909965,0.31577272437204074,-0.44411739972438524,5.346750543115496,-4.978815582379073,-0.7438188078081285,2.3977580312545106,0.22940093945964302
1.6103971950722575,0.6972365796029579,-1.024638327331651,0.154723476417015,0.3856444956766316,0.3328190385250065,-0.7890686740733561,-0.500913263421112,-4.327587272806231,2.7332531301112204,3.922766329574115,4.437812498028078,5.726959916044293,0.10116287234738458,-1.2593199759530922,1.0851042678013785,-0.4967834527770379,-1.1139426347569312,-1.4965886644830304,3.6504120660111354
1.232872348954968,0.22153247077948257,-2.548956625736275,-0.60605682279828,4.155564868713449,-3.5637975361737464,-0.8779190254861364,0.04938611534092452,-4.532018960829493,3.8766639716284836,4.3137232225344615,4.171094766255031,4.5724774210221,-1.001589341622357,-4.89214059276824,1.1826968396256632,-3.4518694095684537,-51.758169438934885,-1.4526025644257872,4.927245513646561
1.8199688547471342,3.4442264479336338,-3.344494260114978,-0.3593774853270664,-1.2557700974076944,-2.60845147751038,-0.7771704603204131,0.6838576322207996,-4.474407447177363,4.249890331211328,4.429151043120181,5.536720596903435,5.583701986877076,0.3170164514410161,-1.9123484313563388,24.330712989454334,-4.21389483260471,-0.2457937966026985,0.6913133236762907,2.99319672579083
1.641287072136583,2.6041027714882077,-1.5627550895997682,-0.2503663376579926,-2.7213498077153067,-2.0545074607505933,-0.7089828283900006,0.370466049014742,-3.911471129806758,4.876662065017087,4.4466776196028475,12.719295798400648,6.091516935722257,1.2117087840281344,-1.3549824558966443,11.203860146196577,-0.35824155821547554,0.059940103992121185,1.5472130532869044,3.6518324784980583
1.8738865235994415,2.2852694705676195,-3.791737645373205,-0.5065574763915182,0.12206864969046605,-3.082062674995549,-0.8037176518886865,1.8171380673896689,-2.954624189562634,2.935175830660527,4.1789690187764155,6.659653069090341,5.3880777876789905,-0.6594115670534776,-4.149012545987819,7.204611482429349,-4.95796522341195,-2.3798478405397443,1.037146457008744,2.925746323822446
1.294856809235288,0.7461830127319364,-2.715371999611158,-0.15797192415062045,0.08773913833260949,-2.701719495545361,-0.6875221089847225,1.4045302993202715,-5.663408888681621,5.316815214605501,4.217257531905094,2.159669229739683,5.4545166767034825,-1.9679788678615908,-1.8344028939475558,1.8880784287638255,-1.1781546646542769,-0.6624451978528596,-1.1011239039011984,4.4056364956743685
0.950387217373206,1.4351512470005772,-3.560926584713729,-0.24498325119575232,0.9895325108778219,-2.6258219470291233,-0.8450157051244988,-0.3061755012258769,-3.0258961619141624,4.3650524703641995,4.225510994349736,3.8301510011301194,5.766688720886866,0.4327653547270318,-3.0775730951636455,2.2056149443986013,-3.742457036856425,-2.4945243860789508,-0.15918294196210084,3.885629268712276
1.6760050314084685,-0.15671026970032997,-2.887223283866892,-0.2729174366274005,-0.36012981882850337,-1.2292163853423337,-0.701071972309068,1.7880442283912825,-3.4296186573601894,3.3768205587124847,4.7345759941567795,9.45944076524438,5.4010639922743655,3.603857925103083,-1.9529419735228903,0.559357216124262,-5.307010512939306,-0.02074443947302196,-0.7058263763946426,1.9766679645984353
1.4511269903074275,2.764252369498956,-2.4549626705214727,0.15270539137155514,6.473317449272653,-4.0723264188710875,-0.8441285552521519,-0.9365856344257975,-4.348925262272874,4.463020981668602,4.353436285523642,4.702528216193436,5.341022689568812,2.2793733134010172,-2.129936722299997,12.218579832234049,-2.4265511470690737,-526.8567734079677,0.9505373275791106,4.270818281553062
1.9404621192838865,0.5970879584779912,-4.200637895861745,-0.40999865867979446,-1.0008924264060584,-2.133459011443019,-0.8349950858700379,-0.3572132576253084,-4.916144344236912,4.841996706977041,4.68709828768833,5.592594069519325,6.193353632807235,1.5634288716061744,-3.251634732641605,-0.3474992246761761,-8.624414588959487,-0.014518374155199687,0.06137221602358757,2.2921254579744943
1.6850755068716223,1.4011575201674031,-4.080584587892847,-0.035611289699275406,-7.096282713454189,-4.723928522246015,-0.763530713710413,0.915145156418895,-3.750495980728885,2.705823875254641,4.25531344641567,2.6731463416060612,6.557999839979582,0.016990587793345835,-3.187763326792649,1.0451861437919598,-7.114428728526414,0.614151926937549,4.412017489228996,2.1555596029746886
1.1191255903199138,2.6483600076661236,-2.335244042533164,0.0666820023464113,-1.652507000043897,-1.8461833124415667,-0.8100228270508002,0.6302362466836939,-4.8379376601181745,3.3705257891237146,4.381391298615897,2.8299586085944823,5.579279390973611,1.195643680368772,-3.4524380778112658,10.744241380160641,-3.0789314191561123,1.1962422310875904,0.016379392816712662,5.848475996436626
1.382705064383712,0.8834001533566163,-4.993763336336487,-0.5761683872562647,-0.1488187795083939,-0.03314673849916838,-0.8374130625507179,-0.23224815738604732,-3.743719640802837,3.6385781839692424,4.002393552611563,5.403350492383089,4.5899900427835245,-1.1501964242248486,-3.286042992698049,1.0058106487696639,-9.189174839671939,0.30557961778425413,-0.03625360963862452,6.434705333951528
1.7342809051498314,1.2666781701202825,-3.39643433026505,-0.21223949348876575,0.9390944068304563,-2.921973872452145,-0.7179987985403957,-1.0733444213791237,-5.307837573504928,2.8928387728800793,4.285685946849098,5.5087311114677995,5.598020736010337,0.6008190908467693,-2.4833020411677613,3.423687297522515,-4.267086357143346,0.145934511753393,3.201238004880713,2.2121951420398545
1.0167722033723645,2.9267305008437283,-3.1225437677542303,-0.2025883369111181,-4.327130929251602,-2.428542325316591,-0.7950965287270415,0.7753128513737595,-2.901369795952342,4.072619664659836,4.343847898297851,4.668067342966188,4.545589718168152,-0.9737251698303385,-2.948529319509359,14.400429011616964,-2.9519545925934367,-2.028458746048638,0.477776100892795,4.6581004043983425
0.47447788700854776,1.6089017999586177,-2.8062797623717772,-0.4085671298476483,-0.07920946861302747,-1.860722247218686,-0.7398195942232825,-0.8791858963220469,-4.64487204808126,2.8539465481602506,4.47459316354214,5.4984579025475036,5.455048566315506,-0.7309627816179305,-1.3415336934455984,2.7763221362550077,-4.204697093217781,-1.1675688353170475,-0.10779742577207509,1.945522766808325
1.2004857114085676,1.7780875081548455,-2.471357596584279,0.20131571369740708,-2.3692264355490016,-1.8960618764172414,-0.7819792474481948,0.13666871022799643,-4.3635963177087005,3.3480135467167758,4.265530940057046,12.401548891539493,4.600224966231913,2.6972941406975446,-0.812743670690814,4.110530426310071,-1.8236851958954896,-1.3465985065458492,3.694627730469558,2.3289708406970773
1.547547910317347,1.3375047058095706,-2.4221974207637844,-0.49067328526330095,-4.834595577267666,-3.0095702474368022,-0.7884997863061991,0.7707622817908653,-2.984211387046001,2.979461682623592,3.968732421605447,3.61986660983541,4.755658348324394,0.5777953014356827,-1.7265365978328109,2.3504544175755386,-1.7429068077300882,2.34023230395626,-3.4502149113524467,0.8995643406883629
0.8955653994993006,0.28134395442118554,-2.5903418639774034,0.04941599767421512,-0.8197108840608347,-1.2276298439492492,-0.7716533019602093,-0.2809620770919561,-5.151472959358283,4.810382479048444,3.9748255420231753,4.824710071135779,5.4523402922303355,0.22483757250412528,-1.718104488887444,1.5608686029954457,-2.240264411237558,-0.92365922119443,-2.195974503999625,4.4276831525340015
1.1678652103627218,2.409410167409334,-4.094254571511629,0.1200980041144537,-0.7733599147580651,-2.0476376937205543,-0.8831031100536497,-0.029967683628155495,-4.7041147003823705,3.376062656318334,3.9102914512704348,3.437209747941826,6.069814302585694,0.3067996219764735,-3.2036499279600026,9.162629957238163,-7.076729211513061,-1.252614853792632,-0.745818144063883,3.0266462966128236
1.22003687543268,0.809370970897706,-3.343158138389182,-0.46939790596027375,-3.01133283048732,-3.7033421236292776,-0.6944388715295833,0.492534952633394,-4.129752128842765,3.9560296246483366,4.760612955925397,6.538388913625402,5.326124010272752,-2.2563317574146304,-1.8979648050316682,1.025313073258298,-5.816433579734065,0.45114921260519747,-0.3169927293159467,4.422544729297166
1.9437369652500498,2.6582436720002107,-2.8062473418284646,-0.49121761918333084,-1.7102950703307425,-2.9905610694591456,-0.8742357987661342,0.5044201839284488,-4.411168044262796,3.603859150858076,4.1013748794942995,2.758762008392376,4.979792989217929,0.6531024845781813,-3.3984230038529954,11.241984279482985,-3.2544899232132374,-0.24432965336187445,0.15593917970447782,3.782882040619712
1.1775059296764825,1.4912571888644774,-2.3958665428668016,-0.15533353575296222,3.003076188075228,-2.272281065561679,-0.7480479210813166,-0.3721253293039769,-3.3278671723250124,3.8385238842050082,4.221928108676835,4.485465690017817,5.297880440509569,-0.7564459398118484,-1.757839061755875,4.399853882442814,-2.8454147603804003,-16.093273069178416,-1.2411712205810574,3.0208486293878316
1.1133320966965785,1.761711738346144,-2.1317865471565196,-0.5186346346810455,-0.10237946340273352,-2.4287527244373526,-0.7964603304397213,-0.5141149342088542,-4.506209947706509,3.5485399260831483,4.282227741879282,-3.8181286986120355,5.093886900584038,2.4469280715481023,-1.2065741989052274,2.7539064351116123,-1.0302500237218173,0.8656893579883164,2.4404841607146146,3.9219021883376906
1.5625702209945154,0.08569190308314689,-1.427199352610726,0.1621086667194115,-0.5700346651747381,-3.805165398711048,-0.7325680692432782,-0.21739847122786438,-4.505668044088196,4.387912455354449,4.255218575238517,6.867837345281343,6.703789104778348,-1.5049745981440372,-0.8981710064393222,0.16687373569895403,-0.41646631041926474,-0.1556441548077917,0.33667659853928117,3.0569005464466046
1.8943952386372462,1.7346592948357578,-4.083074920344302,-0.5316689322019168,1.284568104987633,-5.975891719194951,-0.7577337631579416,0.3902411731729729,-4.782205935284776,5.310600472134505,4.1082744637038475,5.2294441582622975,4.703945641805088,0.18845507008062878,-2.248011680034982,2.3545724646969095,-6.240178166891226,-0.8406885489316158,0.41041167814721136,4.103198806111617
1.1683372937022405,1.444750274039014,-5.023468693048546,-0.20707810438615382,-1.030259340478481,-4.429081343456881,-0.791853758921812,-0.0023183373150412745,-5.737682355008751,2.6520782705633668,3.9020266748021126,6.97120508489914,5.239426969211781,0.28566541307857163,-1.9316008767332529,3.872457227726157,-8.897541018785184,-1.037271969053283,0.2812174973429957,2.9799577504763564
0.9642766220084483,1.6685859008945654,-3.663373599961092,-0.3639951259853425,-0.8500337931308115,-1.9975052027492,-0.7650878242978147,-0.38746414654476613,-4.4646397726118625,3.8837472897631877,4.3066376011544945,5.295235150740747,6.223976745277146,3.055440369461742,-2.664307068860971,5.259116660593023,-5.679744968384874,-1.2369489012090793,-0.7645263381916994,1.581745707717789
1.292360892064464,-0.1397621342126798,-3.3356846097204156,-0.3327353470849479,-0.9796760934297462,-2.1345914250233093,-0.8518737317358723,1.4475629953199305,-3.9094429227426524,4.088790631626597,4.478971058155366,5.117982885892012,5.609020837620218,0.5883539402902059,-2.2233817809838325,0.31206465692488694,-4.768759377464019,-0.8034963837812901,1.7786186559774797,3.2626289714045273
0.6669323930752715,-0.3930780751907066,-2.041067530839231,-0.35853512509774393,-0.5505285423499977,-0.31067551807215965,-0.7943935483088085,0.24513430240449186,-4.5787111742398325,3.3471040157217975,4.295191798135782,5.956807048074083,5.8585979448650916,0.45235295019572896,-0.20933238654311492,2.289605845018531,-0.7882941460541217,0.7521080771021988,0.9699390698199306,5.340371904421511
1.8225861060445023,2.0250873674163246,-5.300600681208078,-0.44787837890163185,0.8148367877846192,-2.7705571631537476,-0.7231640627542181,-0.5620322060812494,-3.7070708093825857,4.881152812504196,4.448294499478555,1.2497205650633676,5.857156275907383,0.5956770414677438,-0.5705069315307196,6.852662927521697,-11.929340771452575,-2.536395724564783,0.38668356410498395,4.909961952487261
1.943988824847418,0.7285601878477564,-2.8829559356117898,-0.45203159135513005,-2.4687559982867753,-3.0208768019984626,-0.6915210678305005,-0.14574478863312068,-4.846782929247092,1.40896166491435,4.6906480279572795,4.516317482973172,6.398517149252102,0.623131098731336,-2.635996116700025,1.4141648048632132,-2.949215759345294,-0.6878613850048957,-0.8590392559202151,2.275686270918241
1.1184018037104813,1.6156856282727867,-2.6390145463034678,-0.326876005579198,-0.49280673451762835,-3.3796056130104275,-0.8219962617743399,0.7576646953971062,-5.144635188485786,2.3457014253542745,4.066909762884958,8.921461706698839,7.137719869766526,0.741386446418848,-1.9635294084068813,4.1122876122365035,-4.484959585511775,-0.7458768767808686,-0.053964217141312526,1.932538784365622
0.655671237962083,2.608749636458858,-4.0472863555276435,0.15274111371315713,-3.1378593728300888,-1.2669827102843443,-0.8729465286167823,1.0779696097561065,-3.516693424351773,4.558252414542274,4.449372762338819,5.438019588238609,5.861236790827414,-2.2191037294823572,-2.34987638784356,10.887517401836359,-7.357427637467897,0.030637417555353975,0.8461249489786359,4.36976005296637
1.1396528209241472,-0.011253712457710785,-3.556346311556373,-0.29490837130469943,1.2954050069762029,-3.0117573035635976,-0.6995919683142598,1.0098764552949104,-4.220859953011742,3.620885519847323,5.0270682854578315,4.583528700670301,5.940438857341418,-1.0499129680222223,-2.435609076007343,0.3283236395178674,-4.51818896075251,-0.758530052222159,-2.0400677461160526,3.034824078438564
1.051066079640723,-1.5282735499028077,-3.8028339831845797,-0.5526291887587887,-1.7638037331039398,-1.433559664746704,-0.8344036721428969,-0.13893605234822504,-4.397096530588357,3.0101362217886156,4.362635873447765,4.74733067463535,5.35809392542315,-1.3754466975281527,-1.3688870889317397,0.6373846400332727,-6.313962221350625,-0.7531173582471113,-0.2161606017213638,3.256598487911714
1.6501495590521063,1.7246852872437766,-3.622762571570275,0.07916874555680475,-0.25978188483741854,-3.24908528621304,-0.8187441267970942,-0.7691648908589804,-4.094570762401822,5.560641990912487,4.241325998281508,7.363256924682233,6.707447687135058,0.7005640297610699,-5.565083276065,5.627586063769261,-5.241655439150601,-0.4055309574438767,4.685986753050368,3.0346737686741987
1.0168586147050207,1.392352081491258,-3.104586804085958,0.1467447028940071,0.37620117736044945,-3.0988605772974513,-0.8405959811634084,0.7376394556959351,-4.100349552688526,4.106489642749721,4.5760853921540345,7.266704705049111,5.045688654066946,1.5474882585241463,-2.966111802931314,3.380223353946484,-1.5478224333476276,-0.41782121556537066,0.4876025636896927,3.3286745592781166
1.499615728169308,1.996171857627791,-3.7123503786987944,-0.44186650646592107,-2.430987061952896,-3.8931145456679577,-0.7469875482351331,-0.08029146181978453,-4.661789238614901,2.7290398340195106,3.9170791255602886,4.387688030580132,4.891571308527722,6.800551462384788,-7.533321025828583,6.417226422212089,-6.040619728020026,0.6528107755199332,0.600726016797079,2.678575406455285
1.2411345588885243,1.085361873206773,-5.215713850361581,-0.47507818402154817,2.288618726541657,-0.5776725224633297,-0.7460966518493337,1.3679079735473443,-3.726427169765649,4.611622973128328,3.99978733505232,7.054724919056126,8.035450459112036,2.0032639591428123,-3.2461166521448512,2.207785005415163,-11.686898887852506,-10.479664048782956,1.476034295417926,4.040023076902192
1.0839011519983286,1.9625537966625763,-3.7800671932469476,-0.6088790503564409,0.3465130424723494,-3.308453681321786,-0.8297043335328413,0.0522239432930891,-3.2630086232298234,2.950875746599586,4.410984257636261,5.809160468171272,4.487125280047291,2.8100849138404085,-1.1761152887405781,5.977594878957717,-4.74593406131424,0.3720171343212515,-1.637127500459765,2.9177592541880566
1.0612586474490375,3.1076783677267747,-5.478096670605723,0.19763218730998489,3.3038155810926275,-2.814112383704219,-0.7830622481416767,0.41389147666699677,-3.6249927287801356,2.293179132529154,3.8170023752314424,0.12303411065100711,5.3606507067810725,0.2655135699848594,-3.0243410542874813,16.194071077288815,-11.062067543123447,-22.027113328189067,1.1644530422660013,1.719192347043215
1.801522928813545,-1.521009304157399,-2.314334739845738,0.11530285201426671,-8.614184602794744,-4.721188995822809,-0.7320045465848496,0.7395917171014479,-4.396336383377801,4.507013708698476,4.560440628918971,4.467040742702476,4.8784621287096455,-0.9893470204663914,-4.6482064582787075,1.831392624430634,-4.374582038796597,0.34774198219359564,1.0230654513571704,4.458563457439847
1.7463192111866497,1.2490967619015785,-3.8060542645873006,-0.22602915494859777,0.8569816992188992,-1.9548440880421283,-0.7380099133892019,0.6058547678400605,-4.032171726142149,4.052398369368973,3.960766843995366,4.902349175422122,4.837961258451736,0.7311763560887081,-3.152344430261544,3.451353782102198,-2.9695291529376426,-0.9822388831676969,0.7226924901681409,4.099440072113989
1.201606807433608,0.901700544311715,-2.8795167958377057,-0.41042035582724645,-2.382377882211265,-1.9935556904893665,-0.8022528475981637,-0.06085013785101445,-5.611277690576989,1.9064486689249314,4.264830736074639,0.9920265886564805,4.819957011455441,-0.34422484732166025,-1.2907548219395009,1.6109112050977459,-3.8093217801728647,-1.232234220452637,-1.9181668207744957,1.5856939580310248
1.9029451845821845,3.98156701283361,-2.1245878392542945,-0.011387527374094097,-2.2910346750634334,-3.650599337736595,-0.8662241827981284,0.283609309654012,-4.360327976916445,4.855316605885605,4.258294212892326,1.210554702459092,4.922996974893972,0.8990711044012212,-0.5911566217114974,41.88551251727658,-0.8564953602465601,1.7278068982253598,1.6641978947215543,2.8200953474326367
1.0793937896310628,-0.31081446359597753,-4.405687006843699,-0.47242833807560536,-0.6593365756215862,-2.070541839216767,-0.8483011936422931,1.0549081613845566,-3.488091015295356,4.2926216815658265,4.0971729131242345,3.2472755805929214,5.405631593718545,0.7164641650760397,-3.40323299889386,1.0522260001189043,-9.511284331595665,-1.5020622292409316,1.0982598385919766,4.280193631825368
1.0400251888042615,1.9976174641412765,-3.099979008321988,0.0046521782826234315,-2.584464472209379,-2.8260787885636023,-0.8749337850445303,0.21843486958952862,-5.250385510819026,5.678085236484376,4.2212187667419325,5.189898331385663,5.044832842939866,-0.7187659388498335,-2.778096150507602,5.21638012084433,-3.2804280560306682,0.586514413605357,-0.06124124672569223,5.21708536189092
1.0996973832410712,1.2023418518190365,-3.3352422178671524,0.033025865757832396,0.01004680197358232,-1.5409432192048502,-0.754968553797783,1.4606580048649103,-4.024115473274977,3.6203403971519283,4.5870416557070905,3.5583063894592426,5.492405367741822,0.2989119852720234,-0.13384559829130271,4.602349841826538,-4.783698280000473,1.4932628342923095,0.2932798682437603,3.5677988086728822
0.47766092720070946,0.12046360928769007,-3.127122896258941,0.09866643464302982,-0.2538836351372847,-2.782408904584783,-0.869323443347316,0.2039516178614853,-4.751678151794318,3.9411369696732144,4.294845488351186,5.938548976028919,5.2430198835714545,-0.3066041321255111,-1.6964422058478834,-1.7838064670042446,-4.138184559607848,0.4130344572068205,0.3811188584296645,5.638210386686977
0.8362177696288196,1.0503466390429317,-0.2314040202604195,0.034846498545848203,-0.8695590443470449,-2.648125056225805,-0.7709898661650035,0.1716776089201688,-3.4724977874005774,3.222819687039692,3.92284534519948,4.02055893479046,5.375128883577999,0.4666612235311979,1.4526726410845687,0.39040360655567086,1.4979743318081256,0.793896764803464,-0.07494215469332427,3.5018544075452733
0.6710003814343364,1.5203145811571508,-3.4167925203115934,0.14292316378117786,-0.979886566545128,-2.631069566653079,-0.8139343882884424,-0.7890371502268061,-5.025519428515264,4.007672577416356,3.879910132674366,4.444371337985235,5.93945535125412,-0.3913860695456418,-3.5597423547849196,1.7956717452841096,-5.105414552157468,-1.2924654183772062,-0.6898129052016776,3.653299297740907
1.0102290552206958,-0.8031972288088913,-2.464000303276329,-0.5453030454469432,-2.0190486393815323,0.7924273945698532,-0.7092598176075718,0.08541645548770505,-3.255272460986285,2.8542739092371194,4.223634135974472,5.524862713291414,6.044031601547689,-1.7454159267789178,-1.7969433738069263,-0.6385547614209228,-2.984403501923724,2.0627187702647483,-1.4863175986942732,1.1278073071108736
1.635942758436979,1.507426898420801,-3.0282102004664964,-0.19193734598572915,-0.36301873404764334,-2.913516001966603,-0.7485007812645929,-0.08522982127545387,-4.579205081764645,3.4386481952182137,4.769283921448861,4.695858326044401,5.942863784976229,1.1738365281723862,-3.4166819555955374,2.9404718262916725,-4.368295509952896,-0.1381709590612739,0.1885913270553723,3.4516130336193087
1.6975078107525847,1.4273791839579801,-3.0162526314450964,-0.6146765444497938,0.8375417646667456,-3.5033010175226957,-0.8373247904920894,0.79171634987714,-6.670859192119935,3.3698892141369803,4.2260661072268695,1.3461437202664448,6.05003106481776,0.2592796275412619,-2.090992469817724,1.6960417487253052,-5.01094826670742,-1.9688629200664893,-2.3339975577718426,3.0351273875153675
1.286277840889515,0.5691901482525185,-1.684579763237282,-0.3826610849774855,4.746211677837164,-2.244977054149638,-0.7479977844081112,0.36965433860545027,-6.403725069950638,4.305545684718241,4.244807582386351,7.032432352408937,4.95833467496757,3.7959116857716872,-1.598176901606641,1.58796526124886,-0.14053982032442125,-94.16792993760703,-1.3820128055455825,4.97718062996389
1.6417201576921558,-0.4126696410904993,-3.3784370251636373,-0.4552982969781687,-0.4455011184873486,-4.427313770768869,-0.7567757779275521,0.8904206943274362,-4.317837021616308,2.954643238973788,4.803932078923891,6.13508990989069,5.007678852454786,-0.13100160632565344,0.23060395122092725,-2.584722059322945,-3.4789959290539247,-1.157138048348505,-0.2595012776389702,-0.36663485989460076
1.4683792936071496,1.6702542385456771,-4.260170548515212,-0.04262087002554649,-0.6611993981225541,-3.2135893300627774,-0.852475257237668,1.7498617811674926,-4.515891588867664,4.320436627227372,4.60114431972937,2.0050423521679996,6.965393182088153,-1.2031513430440264,-3.3721545582444348,4.214262762377964,-7.532851966673545,0.0009723837506817601,0.055324913095815484,4.583880445236909
1.4749621387553242,-0.49658642400768405,-3.373491929302395,-0.44286429200744976,-0.19203715671123944,-0.8276629247877711,-0.7151026038457432,0.6833669017563537,-4.502532829537128,3.591257121575404,4.29957668070743,4.324927561800733,4.42505755338676,-0.4447284356427063,-2.824920170189601,1.8032530995757559,-4.397189353463357,-2.2600624588591214,2.7458063103317416,4.070734093928451
0.7133529048758902,-0.21293048214205856,-5.137719133144222,-0.18988369166270208,-0.4044448547570886,-1.7393269160152784,-0.7146687316318361,1.4501353711405232,-5.837280679495311,4.399695524782056,4.001047207168037,2.8260185978142447,5.328439467133409,1.3193503780779892,-4.377763313557517,-0.2011159001846572,-8.723028092905967,-0.41825688276314127,0.02637182887485133,3.8579341210864047
0.7520535392676337,1.4825665804852615,-2.784981880943402,-0.3826573198618109,-1.0103955247908971,-2.802140999305238,-0.7588011559929796,1.1790567368010452,-4.326107461954356,4.779687664840335,4.7418330608687445,3.76259670635823,6.31130945956571,0.10643564957881302,-2.866941547689589,3.082385338206529,-2.284390841503037,-0.6710291662803385,0.837254638346853,1.695099370482315
1.8536047078735658,2.47905576660792,-4.000739722274829,-0.2751657297706066,-3.1203159353058827,-1.4927760915590966,-0.7980549165613816,0.6927195210537651,-2.540754949537447,4.629585327572097,4.64168847491768,3.733262847937234,6.071270252287464,1.115169764851711,-3.2009016370389256,8.566417747418427,-4.597570529103239,0.35799696255478775,0.28336716408485496,3.951477515047514
1.9007383474999073,2.274489713688996,-3.9635297116417156,-0.374410587577892,-2.8352715884860045,-3.7840134776076395,-0.8127007564880426,-0.24906992525437455,-3.1065330811254244,3.8507346944803653,4.544739635608796,6.47220348261868,5.199590461088175,0.657945387841509,-3.1683427421860704,8.499301333165807,-6.2536462455292465,4.266091358052891,1.0175289200789828,4.538635154128076
1.668491195943977,1.6342869386216008,-4.383835911508915,-0.4654417572799201,1.666587361512959,-2.3674731065121923,-0.8292529629711218,0.06074256151433732,-4.479436022961997,2.829985831802552,4.494906082416776,5.196895855696578,5.913910964204752,-0.8601298156642694,-0.0378324234055083,4.744013952326264,-8.597747314013551,-4.0938834437180445,2.120566984203658,2.9749761861418333
1.6541520332703432,1.7341420201827868,-4.860814882995594,-0.24770461177063297,0.5029082489302321,-3.455611781327852,-0.8383459931743494,-0.5695384444466828,-6.711636536571253,1.2750508803002654,4.6169548289224025,4.060740086510681,4.838755207998805,0.11464059739513649,-4.551448866759465,3.783679168723808,-11.944380496739422,-0.8261877270566815,0.028163548103419672,-0.14113525986041298
1.3045119077724907,3.6591681630635664,-2.718891083973352,-0.4202607073633672,2.011811748974658,-0.6704920700542722,-0.8258515193028476,0.5781191043870695,-6.041964441113209,2.4482331048212584,4.258649238122869,5.006728203548498,4.800330258080752,2.615852598137226,-0.6648400550967706,28.97741565943623,-3.351622251866626,-6.049656104057422,-0.08394766719919457,2.2162727370359323
1.2535140939562242,1.103938153598433,-1.9962624219625973,-0.15817067507737365,1.5486881211449157,-2.6444064736441404,-0.8288561531368197,0.3685927973576326,-3.9640259382671297,3.5532984091450923,4.150758662408671,5.25468089403777,5.650258566784177,-1.1831767220570202,-2.6511598065794253,2.965191342604645,-0.4761851733707778,-6.340296554520104,1.0842573909458135,2.592483387379676
1.0309640302844065,3.80635287384523,-2.686815288333454,-0.4791318754324805,-2.419741292339554,-0.7713139424429674,-0.7134579998611816,0.7702455349162476,-2.954479773277308,4.4041437015685565,4.3611708686225175,4.88151897696423,4.924517347006186,-1.3821866995620484,-0.5996110354954294,34.53054576706643,-0.7981173785567557,0.18315317807722697,-0.7880607908014909,3.9161313332713417
1.8450208901643705,2.280168508927467,-0.989875350247063,-0.42971585609365137,-0.5350663557327996,-1.2788710915398336,-0.7657592914687426,-0.9674103720285773,-5.804390966004833,4.281214295772338,4.6068917958922135,2.646066938138171,5.259772640561846,0.45085709765725657,-0.27852566789688227,6.309217657476095,-0.04907972800053295,0.382260187880472,-1.6597714833268435,4.054957882265229
0.6725957682178891,1.7579037769310282,-3.649973090186491,0.17862356499421328,0.7940095140953174,-3.353255686102673,-0.7620944140205437,0.6421028368157558,-4.580616671534476,4.600246961495689,4.335994943878619,8.842139284094047,5.686290273328925,0.7771361992438806,-6.703883261565542,3.2767913055335214,-3.8748824700428197,-2.8626360532876136,-0.2997803668635898,3.6199608755141615
1.36988377670585,2.1800494100400725,-1.6443362654106661,-0.6193923771738052,0.5303039650041133,-1.7509091642219503,-0.7957402691430904,0.044001636596230354,-4.627585838621368,3.7895407562848367,4.09425394759309,7.147053995198554,4.57466223906513,-1.2718532465480907,-1.8110084075457529,7.277768035867386,-3.773491880981281,-1.5204914392524733,-0.75336684147237,3.504649633637467
0.5840061734456994,-0.09556901339713164,-2.293143456549332,-0.4101279863425895,-3.8850513520456786,-1.7580728907967003,-0.8812014530058535,2.0057674451556267,-4.529058706773392,4.219378792312573,4.000450976670515,4.77652658459787,5.373001867348296,0.20003322530588252,-0.8882839315266621,-1.437304747804835,-4.664747835156527,3.721737293332463,-0.4092542739055978,3.5372185142229724
0.6996870297385609,2.8366548504517444,-2.894737815544079,-0.5424016297009795,-2.6612078612586076,-4.602629676329679,-0.8323566157168044,-0.6658856747687143,-4.113802297739174,2.9263332331837644,4.487649846751292,6.301987558839336,4.464252529730967,3.043837280876706,-2.361446015452655,13.620542085949229,-4.473964689019914,1.3841749605990643,0.030138229144755918,3.0921478117362007
0.7810528690925925,0.13799115578328736,-4.2164302284561614,-0.5311485729309032,-4.123535703083709,-4.342066383762161,-0.8440103903926672,1.447779314124591,-5.221921167429438,4.8345269979612695,4.0722556817539814,4.8303949388338046,6.252251713846633,0.504906856193573,-2.8489313951253012,0.75552760839022,-6.202746155908083,-0.49486705930669816,2.6182888945996186,5.372334940030205
0.7069323440383758,0.6563838936144283,-2.4723379738424587,0.1709228568061073,-3.361257859923839,-5.248386998702351,-0.6897957969077626,0.8069624430842512,-3.596704922281692,2.6188649568857887,4.423542864724105,5.437224656701238,6.065535526019901,0.9199570592036411,-3.3958906990845144,1.136018752575929,-3.0086820192406454,0.9699483772244424,0.19498692624963576,2.2022873850746394
1.9122936682781928,0.3849505027487895,-3.084922340333221,-0.39248434257305953,-1.044673339010063,-3.0549632140018415,-0.8571089255923204,0.4373055273586415,-4.26315083127665,3.647278246093906,3.9436183720971827,6.4132959074719365,5.417791734938461,-0.22241914300400095,-0.48741743563762796,1.6338695978778128,-5.127578120142364,-2.146518537070362,0.2575480715224022,1.9638250728430662
1.3333510510906785,2.6860370516447682,-3.2973642788939386,-0.19164077800656454,0.3438988085881667,-2.432536124996512,-0.8300827231366741,-0.44473525534807457,-4.791310465363663,4.209034414246159,4.127841732773241,4.987813340623517,4.92285798359379,2.6679132240082093,-2.587181540564574,10.361187852958574,-5.253104035113755,-0.3707539992698272,-2.85689250676766,2.022156654306965
1.716082506081512,0.8065540469938233,-4.8369054321248,0.10646495580325988,-1.742515766494507,-3.384210365093062,-0.7424203642418042,0.5789593996757714,-3.872212418137863,4.260746133028363,4.663110547584802,3.752166967565322,6.000808569152334,0.9239919797256101,-1.8160565261535102,-0.14755129761767494,-8.072990020118723,0.34133032382606365,-0.12061996508003195,2.8379332265700548
1.6419926837920835,-0.8864962076825011,-3.004959242206333,-0.4059295420256843,-2.523706398133644,-2.6915562426742845,-0.8450669034655899,0.660302813287706,-4.811167793472461,5.544833800993984,4.216931876424571,4.004726162714089,4.910212307744029,-1.0994287763944066,-3.632889407374414,-2.1535174536524915,-4.344154444806678,1.5718516454028177,-0.4107996147395826,3.1277553779512695
0.7664640447622615,3.2109094168039674,-1.9499105626495368,-0.4214215823318266,-1.7593663865897708,-2.618135924016329,-0.7610160795977317,0.8982319187956747,-4.908714622506973,3.692087047179933,4.325152995028123,8.705399100200214,4.954861158304343,0.7299799852598127,-3.2119688217675764,20.57806245207098,-0.7021947481952431,-0.976433162805184,0.23499098626074413,2.290072035223191
1.8544789717289896,1.9727154530513475,-1.3360420286005412,-0.3483022355181427,-1.7515586928877693,-2.505465802981793,-0.7897834950657262,0.2617777539541619,-4.256360882601865,3.447753079093586,4.141674649301188,4.29483530140708,4.979848856303001,-1.5186560496221884,-1.2149954369578218,4.706392977029764,-0.9261866507134439,-1.2172773050151586,-0.13578656754870994,2.7143316207298316
0.4828782316421338,-0.02643843397219614,-4.698523713005451,-0.4599693750365798,1.6511513383027063,-1.6015039447905246,-0.8239866710169091,-0.5891742922539768,-3.288051287755109,5.040655641873732,4.25571252896108,3.6484129954824467,5.258792021237097,-0.07910779725976025,-2.9716414071618535,2.8692279770162186,-8.804763929177966,-3.937429855917757,0.8256135076543578,4.940786618778487
1.0702663387049338,0.09824627441400047,-1.796386670046225,0.042552019304591515,-0.7790067258985125,-3.619566979427407,-0.7479277616139904,0.15378727023349703,-5.071770383865222,4.709843761334797,4.486697838182457,3.3304558794902652,5.106706036517653,0.28993499870609357,-1.278164831081708,0.8806744398728354,-2.2901010140865514,0.6979746360139347,0.10041289810932072,4.089991574611217
1.9199884187188163,0.1494594424801452,-3.0649517567848994,-0.1715199171909812,-5.6982693064785925,-2.3154094484745884,-0.8728534683519101,0.718206296849146,-4.428978503028267,4.663494215510944,4.8929735829637275,-2.969674253011206,5.561070692207517,-0.9176486195803631,-2.613628927942782,0.14539152254500853,-2.9343616938863493,1.220416308928317,0.27445085853933027,3.3122412845962765
1.891910784503597,-0.32933396301998297,-1.5193279359966556,-0.11988462356095836,-2.511078767202574,-4.556832585552425,-0.8244595169742256,2.4169615351955516,-4.585629467179176,2.7591330571899517,4.052195867724874,7.151294371682009,4.713852084595437,-0.02097494969530324,0.18387624240072808,-0.190308845933792,-2.8366584883605506,2.241394251853919,2.612827868828885,5.796861394920443
0.6632546875730264,0.8378719701404622,-4.7184442021421775,-0.3939809893890488,0.833356963924526,-5.052037218636775,-0.6954095088363507,1.2921891817693578,-4.233373552132261,2.3752862531491723,4.002375392115334,5.1059699957182225,5.666959619967599,0.7193047951112503,-3.4363199139124188,3.3261469171092717,-9.39509800673233,-4.306167911097591,-1.1790320589324075,1.0359921559913472
1.352950300095721,2.3256142807618145,-1.8340277444241972,-0.3812847800937157,0.8726594135664498,-3.9679642539372058,-0.8432030465419925,1.6121612551522175,-5.588467227757246,4.8418295286577075,4.550857222783092,1.705681932269615,6.59850307694696,0.8088270901788552,-1.269403085613238,7.788159197796113,-2.240188814036055,-2.107685056738933,-0.7574795168032725,5.280775522514697
0.9905440776714332,0.2879989042800086,-1.2268396367147165,-0.4656585735853304,0.0440002273777057,-5.12835592406223,-0.8709686723563941,1.107784831477996,-2.303245963498071,1.8753162537745063,4.260847462776329,2.937119941714161,4.341407072253867,0.14867467083608107,-2.1046828257829757,0.3392351945759654,-0.7211546556896786,-1.4383878710402813,-0.6260803919021413,2.466728027797167
1.0099376416949564,2.183425832634446,-2.9339734205818475,-0.037573933756905875,1.3754137680981302,-2.6280830698516175,-0.8437974182798226,-0.5803138602716287,-5.157031299337848,1.4684860069032215,4.210147819572972,0.7606875858184949,6.508080231795951,1.4463934996475196,-2.3361257680823324,5.955744181166198,-3.376665956844303,-3.105918819250428,0.027827945335476376,1.1920710785780086
0.6056044933066681,1.606613567169595,-2.312275170848409,-0.2985768341236709,-0.6744757487448484,-3.8729810307521557,-0.7471166821112706,1.020058074849628,-4.544988828675288,5.3495650997648685,4.324574873364088,7.259805129434504,4.753336725656334,2.985202634669233,0.3761268503465405,6.443130683646224,-5.264689120395535,-0.5350855903687352,-0.4322084980890555,4.679204905816436
0.5546325497756556,0.06731137842542467,-3.2883336350159738,-0.614009702048402,-1.3488509481468292,-2.7633820457757916,-0.6972718380462471,0.6990229493702789,-3.615162811056493,2.650168157565194,4.329292049554318,0.7590750478527539,5.166567472422873,0.1024702039354034,-3.679369023958028,0.17007469261063035,-5.501795279456403,0.7867484221551102,1.2479417829283774,1.9968443920971921
1.8658083104784526,2.1105416427643586,-2.906812135115028,-0.5759949497211195,-0.8240428323988533,-1.6824518495729748,-0.7121352248540278,0.22946940056272913,-5.44773731771344,3.8110914526601936,4.478506801586706,4.370552390811043,5.208704526402784,-1.3423282325506274,-1.8725318397930273,5.270102095562046,-3.158130378649857,-2.002527261889715,0.32521073118426796,2.343221606433344
0.7217142465914621,1.4307529053193482,-3.548900683892587,-0.07098889278576237,-4.71382963338337,-2.9853035974294926,-0.6981863467220196,0.5221740062236924,-4.493375940168398,3.129307625389618,4.25278482557438,2.463682148053568,5.867832872144487,0.24184104218377883,-0.48055094238861296,2.7996848364262186,-7.302592859602045,-2.2706228546756084,-1.0664481524832563,4.121812118227569
1.202204401948181,1.7477585356272987,-3.092345291299721,-0.2572565901396015,0.5565336094256903,-2.892068719168334,-0.8108101756265609,-0.2693242537026509,-5.439776200125014,4.201014844166106,3.893940331862026,5.163059211079045,4.543225185661813,-0.334497652573893,-3.340059232707784,3.9125202965962713,-6.662095290662416,-1.4948626254585513,-0.4049305348632528,3.5249285664662264
1.3566522406996007,0.2089692781698631,-3.0275293925873843,-0.5184472496446715,8.573359003271575,-0.6191092121654531,-0.7585139311571722,1.6184578781769665,-4.092597381990664,3.2989363989443996,4.256602617715017,8.862926327980768,7.220920281031022,-0.2549641821912628,-5.148049323024956,1.825025521805797,-3.226366204748327,-4305.176611833455,2.063635880235415,0.7357858677033877
1.5859115983504337,2.248409553981978,-4.808100903785722,-0.4964745960188456,-0.12380580134062419,-1.917281377352727,-0.7969085233603804,1.8310780772085504,-4.4519184121431365,3.3989379127389587,4.241447488897913,-0.7816118231354787,5.281235880176464,0.19713792755288095,-3.946374155418837,6.70730157102252,-9.36202619768984,-2.8561779330268244,0.580196174731893,4.778304100221163
1.6320324912017323,1.9958526926043658,-4.921264539091524,-0.3422221414021903,-1.6129944136052252,-3.3304982286489144,-0.7416113259868813,1.7906313534534135,-2.5559040406066504,5.047738458927228,4.424895748190101,4.278727854965954,4.419991918566531,0.44714729365358263,-4.247360765552697,5.638539624664385,-9.07422299415284,-3.2457261039599516,0.19495616236601826,4.252155669798702
1.0290009519529608,1.234028090998477,-2.765626837136081,-0.4935169510902313,1.3543213194950985,-2.519095073465602,-0.8372957660817635,-0.13702047678853613,-4.42393900871582,4.698060643315117,4.562339136846976,0.9433233538913384,5.0284500387805,0.33153501740800745,-3.7283113433725146,2.71275945417544,-2.9312231372678967,-6.338860950427731,-0.8102613965942171,4.438973642722046
1.89048458841205,0.5310385527699155,-2.652576036558974,-0.5760192340611229,-1.5612835407571863,-2.6780739669175704,-0.8299114588803255,0.8421030088588977,-5.049182899104158,4.089674785793885,4.189442178784667,4.239408284689456,5.45026437319618,1.4787909954916552,-3.096298867905456,0.18816768861031097,-3.9137606450222613,-1.9235604211387007,-2.9736991536409154,7.654885970887019
0.5858146546689017,0.5022005153416284,-3.5449893447632803,0.17918423537617678,1.6043006929642556,-1.6223440179639619,-0.7680916209871412,0.2876949156532784,-4.682237548756691,1.5756349923431752,4.479194946069078,4.163782105963981,6.866858969965303,0.3753716608059078,-2.0375495304322477,1.5928111740993112,-4.655298178653523,-2.823492057126744,1.95235031211572,0.9215013063146213
1.9124624944507134,1.1666374090495795,-3.531236102039091,-0.3275793381611768,-0.5537019963324087,-2.232499969969986,-0.7951182534083029,0.6373151941615105,-4.388852726821009,2.075216074343258,4.395630815287947,6.809784164147494,7.229998072312729,-0.5684510386433879,-2.7733437779149104,1.5788426781411986,-5.848354889849352,-0.4052189683469449,-3.225123330232557,1.7406749688237464
1.8656446924080512,1.3592962164133429,-4.638044561908835,-0.2522441301786744,-2.1359483016744676,-2.8317795987926795,-0.7004883087617721,2.300951953009922,-3.522787957055924,4.0655632584775265,5.007472027389017,5.657014764875283,6.244937992592503,-0.4972660054145028,-3.127822888625815,4.1438752044078875,-8.386130104772244,-1.2680905806235545,-0.6940764916533234,1.4960351400107537
1.7966096803855698,0.13556932662021715,-2.752358987561942,0.07513975154786545,4.411496171216559,-2.769584021973663,-0.8174105457065532,-0.051741113587700394,-4.551269762748029,2.3282055386354856,4.1723553449322734,0.8544047141912796,6.434603450054681,1.9623433682467126,-3.087009479707881,0.47813656907339025,-2.4981395928120023,-66.97100234124851,0.03729603373216979,2.8145647165285728
0.7831886887103521,0.10681799926386004,-1.8694551255934027,-0.43391461192424513,-0.672955966052386,-0.9365425691357543,-0.8256485170064668,-0.1899756340002896,-3.641513010747815,3.0345053103870114,4.375703735035742,4.160410357423593,5.750051792907254,-3.2321582262093305,-1.2450143933066387,-0.20228091839780482,-1.0147243590480888,-0.8412794881419793,0.9051684837814943,2.292384096003982
0.7234405336960099,-0.45221182282253913,-1.4078953264555534,-0.5003824458384345,0.2799892545682048,-5.185740339191801,-0.7017483601063598,1.0059313606297566,-5.299677616322907,4.550132299392728,4.345821021404595,4.869933960676156,4.974027998730488,-4.46970349641703,-0.18774626508517622,-1.6965557540178444,-2.717859525794836,-0.6183786869586871,0.4618992408514076,4.337474329245008
1.0323385530224194,1.0276400389203948,-2.891411759651331,-0.008737410645168753,-3.504269498945787,-2.3885551106266343,-0.767949007612097,0.6356144714645224,-4.40693995074676,2.5671754142448933,4.379847383196292,4.798887609178089,5.683714869541367,0.44751048030239404,-2.4342805752133354,0.9202476262534618,-3.0943275863028896,-0.00511526471913501,-0.5099479431496136,1.7973570275020063
1.7791459335415425,3.6453991421705116,-1.0705064949139338,-0.5151728398420194,-0.2823308688939122,-2.3656586733413536,-0.7102789677007249,0.432025740780823,-2.625434459495164,3.825603922640259,4.164560074932198,5.912841304039748,4.942542666880165,0.23756921671656506,-1.2462506820072812,28.394264969342792,0.3469545685558424,-0.44496170122556067,0.8976964146186537,3.212374274273318
1.2296020037037185,2.074721000263806,-3.6395058689630924,-0.034339706325515085,-1.9598636835312875,-2.440660021791124,-0.7707635568108298,2.44819988802042,-4.5473131244569345,4.867139886189908,4.870575410573736,5.245677138431354,5.127757722848676,0.7245833646810808,-4.478887292898115,4.371027100631961,-6.100530845379438,-0.2170427888337536,-0.2790394223314831,3.2020345129308243
1.2770762599043863,-1.2202879418532175,-2.428010844947579,-0.26418985246227,-0.19846587210307348,-1.746590506691072,-0.8540814377325311,-0.604132228999766,-4.719982139739235,3.145253758494778,3.8921357360479742,4.598788574754073,5.44040860846483,-0.4418876198548576,0.381944859487062,-0.18479265970788708,-1.7766730966591013,-0.4415798930654353,-3.586786397649636,-0.8597212518124588
1.7148053580850013,-1.4443670202663488,-2.9116822750826445,0.07705570435308218,1.7325440471107014,-1.0095044437050487,-0.6906897758560682,0.6544927268637837,-5.133848795237016,4.384402417455479,4.828118172170827,5.981976384868835,6.077026289503047,-0.8111006989316055,-2.6291582235036417,1.5880167866929642,-2.672228400679927,-4.654718975050398,-1.1764731962649602,3.634348061564167
1.428114007010877,1.1960412555031752,-2.859722293490255,0.20458521253596162,-0.9146367571259258,-3.6400274534929413,-0.7290149614128023,0.2245599012343784,-3.7254822488000623,4.196370534514187,4.662113211895691,9.592155143986375,5.219625463751034,2.9735271900573528,-1.2334751965344866,2.707948824030363,-2.6413717904898952,0.5484693846294351,-0.4833788909623514,3.727786323070162
0.6618200229872933,2.12455899831747,-2.7235994032114563,0.16867615148958415,-1.3415464412489995,0.052667836699341386,-0.735660735831175,1.796334276809644,-3.985200229263461,3.4718406044252443,3.9485468816712768,3.1488147376311852,5.538084877700271,-0.6867519630466594,-2.391694600666773,6.359134073282761,-4.300938529642304,-0.21386148750044304,1.8839517661152834,7.14680079926886
0.48408174767059053,-0.29207800849926224,-1.9144188382855918,-0.5057732410490151,0.5306590803054538,-1.9578257375297632,-0.8186218437559438,0.8935930500451987,-3.8562684790275172,5.246396014976445,4.328455421664623,1.1631230876140695,5.090145846074857,1.2097732543100765,-0.8274797526753588,-0.3099374100337703,-1.2379084432689658,-0.6148223506779402,0.7058652678545781,5.321061135159274
1.8735201889673827,-0.09447686947858158,-3.425511180234625,0.05990493139064712,1.2920899875235345,-3.226955453454908,-0.8769295028481474,0.5993151457552393,-4.224484760704262,5.693933820868555,4.303099668617852,10.920828364118801,5.886172408629876,-1.6677313651574515,-1.1842735254108847,-0.08239476456092609,-4.530554186080684,-3.374002772923755,3.7722700716820303,5.147739731627878
1.646907370307651,-0.863556745236068,-0.4598302608447695,-0.33141700900883236,-0.4776309199503114,-1.2736766970784879,-0.884630293636215,-0.30893649206868423,-4.1161556337489955,2.7983279536498173,4.01962372027878,2.85731527468442,6.647028077648975,-2.430244167085707,-1.0105864515811473,-0.1384753857633203,-1.4127722299245495,-3.0937874542438784,-0.5268769926074142,2.5469262973489357
1.46259928093482,0.7263011413081669,-2.060814537997833,-0.4124671240644139,-2.6297766084362353,-2.288701591233876,-0.778236504626028,0.23404022800151192,-4.1532662397975,3.6950154114930744,4.314065823199704,4.378599684036858,5.05316849063346,-6.666068512009895,-0.5029898527044048,0.9310970543872071,-1.1413712542745584,0.16128661637888764,2.9253574227490207,4.0945671949793585
1.1004426146555892,1.0942251822191373,-1.6797181267967598,-0.4633905595566672,1.9053515781245864,-4.2234133048721025,-0.7097500054345581,0.9204045914437113,-4.910376331297713,2.973450657837093,4.067909358653693,2.1506235701583725,4.743118767003361,1.0701845168180473,-1.527553942564336,2.25996599404482,-1.892629376688435,-6.453839221154893,1.0373870697345924,3.1315716058073626
1.4645316934337345,2.94439240176472,-4.584509993846019,0.17854367101149504,-0.05015154231638985,-0.2681647335364503,-0.783979898822562,0.5888975930537552,-3.98288834269745,7.109890556096941,4.041560456210322,5.585746739641304,5.694868145328848,1.6588117490970418,-3.4205583201317364,15.493310322031201,-8.56769250092663,-0.9126781627303788,-0.9635842678319738,6.636480583638481
1.7718358751968464,1.897106880094275,-1.5765751780401236,0.13473024141218837,-0.07259758943921413,-0.5515148522431863,-0.71394427919203,0.8066091086472595,-4.516217287542572,4.158391207652731,4.237238516396513,0.1837115522474697,5.075926071138564,0.8455986247623994,-2.0219445946121324,5.773183215099733,0.21467833070066367,-1.7028903460094789,-0.32452209230323625,6.187211623755757
0.6361505540200353,0.13132459443962197,-2.5285578262143713,-0.5742217650050313,0.19502620075295085,-2.10405139493131,-0.7518333815733079,0.6546106339918143,-2.7090290917410176,4.0385625839298385,4.433867672679117,5.011598446422673,4.8859692427204715,-2.755097049580936,-1.7457908454792668,1.709790463875988,-3.585138257741016,-0.0557702506094605,3.254217443241503,2.748308485116557
1.448064762468801,0.7756703568300798,-1.8765049740333077,-0.1592580880287815,-3.2802460417271715,-5.373770402160292,-0.8014445644243237,1.0390779010273876,-4.945735158783348,3.958656985821494,4.064008405046705,4.368606202631777,5.45189505374033,-0.41332565074699246,0.7735686578296332,3.110516875057387,-0.5631468983002342,3.98631850420265,-0.16688108801926166,2.6607091369156723
1.360502052299363,1.36781482894597,-2.760967185319426,0.1549075477173627,-0.38781077795208396,-1.8687415380389663,-0.8293008375757766,0.3748166353627347,-4.045423540049226,4.496729435284778,4.307210011977535,3.6458376523620166,5.165326906703752,-0.9812123399766388,-2.731265701550506,2.2618007942188076,-4.0466459306575535,-0.7394690629925293,0.04940743978995686,2.502875122618363
0.9651044550353846,0.89289238920563,-4.707450559003011,-0.4376775292129187,-5.907685073141185,-3.851965699199333,-0.8246213467171869,0.004264262172124056,-5.018069034862536,4.869857477737744,5.546459964936855,3.711944435850718,5.537738646111026,-1.3765872153111731,-2.4621882433351967,1.8236825384683404,-10.123375089075491,0.4037697053888646,0.041420959295131204,3.9563030807393673
0.9561872157376619,3.2471016977850096,-1.401534092248835,0.09355855897946519,2.712271050135346,-2.5795344086007113,-0.7863098269956342,2.035413165187653,-3.8967533224960085,3.785168654217496,5.005710523485753,6.154330749411289,6.045822578006904,-0.8786085094780312,-2.3693242915849586,20.00459639738258,-2.4189591296485142,-13.305006477135596,-1.7391969627193615,3.3505707471539754
1.2927652805004777,0.85712044867204,-4.533689805870826,0.10997740364991049,-6.578644263663354,-1.6069721309823368,-0.8024537123118323,1.484487516754918,-4.136274875651916,1.9481347304435437,4.767901734740642,3.94866366705345,5.368616611580084,0.8290346627112509,-3.6307136504249184,2.258826657922931,-7.495396412865731,-1.932540451427695,-1.6644220902532956,1.9155539120958702
1.5210363644139344,1.432808382994135,-5.181118959310705,0.09688274810166131,-0.2411654127992789,-3.778906746090965,-0.6951798878411837,2.054625516195065,-4.074759555423515,2.094235614896624,4.255623762960001,7.144042096692566,5.93906824090287,1.4933026150011046,-3.152391352783631,1.7196105935373174,-10.281819316398275,-3.3965469725423527,0.19265958509539238,1.5861132392618684
1.3389152301287819,0.426489011349907,-2.7557356487008637,-0.23167982780642127,-0.8122520155662785,-2.9658965369026022,-0.8813912117910766,-0.023514643566718618,-5.0897874845376645,1.4518561452365195,4.4482277865624935,5.1502669651560335,5.034188278352136,0.8101051046026823,-1.9055058978851087,2.7117677110722855,-1.196373071196197,-0.18583042534761746,-1.600247351297467,0.6256466321034925
1.9479807011473513,-0.42137482778465785,-2.970624407499991,0.13762561225485115,-4.274602500148152,-5.543735288861893,-0.8004656852637032,1.403902204830731,-4.486699708346993,2.113520584169221,4.711597111466425,4.930453227163048,5.969622661206719,-0.6500907458308085,-0.9933171692927321,1.9675929533321033,-4.737980997217852,0.1343224743542442,0.19845032269308555,2.9244038987147114
1.4011571481446383,0.7277285786641248,-2.965623357076702,-0.5543676539406517,0.8963030034547759,-1.5108746924519803,-0.7235587031687443,1.2302884890546246,-4.129619639969465,3.7302103315906767,4.620488739968728,1.9465874213209884,4.743774472253848,-1.424930680419234,-2.122112584587851,1.3763563048154839,-3.9518777716721707,-2.3930172265144916,0.2806594959954425,2.675181612317905
0.5208286368269827,2.6818286912121136,-2.66799019926501,-0.5853649634406933,-8.403500966431732,-3.601481637343485,-0.8113710498900968,-0.42730381725005395,-6.291112161310018,4.058246165270832,4.584286782931357,0.3710155619597231,4.463060463362399,2.360176322943286,-6.017098421895001,11.57085463868886,-3.927493406879579,1.5803701054735306,-0.9550676209660582,3.533333809000431
0.6091680639445566,1.7215753686158584,-3.5788242865489472,-0.5162460563789983,-1.291473321619626,-1.4694578723744345,-0.8540542611984764,-0.0023059646398624345,-4.31428413003337,2.822523329295575,4.314217835162169,3.767579732252199,4.851981479931792,0.7635222686484956,-2.1099971273806353,4.850847177113213,-6.656469586474566,-0.12772248858791974,-0.128525888133798,0.2852244235023753
0.7525099527691155,-0.030715766597108063,-3.2843072380677047,-0.25121456967493655,-0.7457517603488019,-3.0873365944097073,-0.7105826594169693,1.035792491738953,-5.2107835288278,2.6043749847683966,4.26071553326081,4.146958496346999,8.211592707974786,-1.0010928922368842,-3.0287366157483198,1.605248933408811,-4.449087619559319,-0.7123605829592232,1.898653102614234,3.6048730525004995
1.8646048950326148,0.9491588200852537,-3.0319978607575315,-0.08679058527388006,-2.348247570245186,-2.5777604179157527,-0.6946891724701135,2.0807046778356777,-4.821354262121258,4.334990745883049,4.572064756938137,8.633749438756947,5.253849151626023,1.1480116725009266,-2.8921612463860997,-0.6846245957636734,-4.987443758196858,-0.8804202637030253,-0.25833650202976594,4.991629300698204
0.7363840862259411,1.6878421424319963,-2.424412728868192,-0.21329663022459183,-1.1234765827407003,-3.7994130764336056,-0.7995097493358816,-0.6425168333388693,-4.601284854246157,2.9909499033354954,4.116152697826826,4.526845579013203,6.604549279769029,-0.02105440325602065,-1.6728996718919893,3.503674270007808,-1.4117922079862257,-0.44372161520444564,0.7281090795432325,3.040129964653401
0.5150519022966293,-0.7432614391653742,-1.21088408305407,0.10182059089021223,-0.5252407862756858,-2.388636472783045,-0.7180776477309153,-0.4169564842359673,-4.364620197616835,3.3575563178247156,4.78742515220956,3.484813513365072,4.469457287288034,-0.33661670371247554,-1.3447367111218729,-0.4506734671114414,0.6781829095689389,-0.371081687069046,-0.24986347813443546,3.288162958362561
1.7492274651766286,1.1914591031010604,-2.2492328663379775,0.13793293874229273,-4.113974584481248,-5.2405171295059,-0.8609558779678779,-0.9523352663498427,-3.822811338954377,4.815788566109285,3.897713968641316,2.5569642444915104,6.150249834956208,1.0546959819552804,-2.049542382906862,2.549996755034973,-2.0904978783193955,-0.3421604941149644,-1.124628525533366,1.9048819039976626
1.122680158574838,-0.05302183630432178,-3.1286237282990546,-0.2777848759476713,-0.4467174732270383,-2.395187664809067,-0.8159788927109085,0.9671392712907663,-4.407966921064445,4.583441175127169,4.01057209125812,4.651439498624576,5.83371395916453,-2.460997698739642,-2.302366577715349,0.17872778912334186,-3.709384380261034,0.7010527045374488,-0.23515520331888315,3.0214566583209974
0.7995241601851436,-1.0655521062022224,-2.609749613298602,0.10545046686902138,-0.6564121097962838,-2.0757821923330546,-0.7643582507138553,-0.5864743522120623,-5.197657349515618,3.7397632531114673,4.169610672195504,9.962870840520903,5.538164639829114,0.9335234963920711,-0.3480593809998047,0.11832052910691752,-2.9644284284516838,-2.730346993511075,0.6910183928981669,2.331611776850642
1.7369291538222766,2.303438031057738,-4.323506817720586,-0.36622827088697574,-1.4859420114930182,-1.1720066187030003,-0.828886875394578,-0.4131464005920553,-4.569898858974188,5.372085211588349,4.441726694878026,11.213353972052547,5.476733086092956,-1.7049660622773266,-0.5012335845451088,7.520314685929764,-5.25585886222048,-1.046522803210243,2.6372944924750232,7.162006240383003
0.6611740562390827,1.3828716231099187,-4.460356381758359,-0.20217670431453005,-0.4800064849087862,-3.866136511859571,-0.8538517651017886,-0.016617946121063376,-7.116191153254886,3.5551284064969044,3.8890546468878,6.857465026623197,4.971444845570391,0.7695059964594827,-1.0773601489348459,2.435976155334834,-11.022028429308058,-2.77124377310298,-1.0446551470703842,1.4075171622081024
1.8859178207625789,1.5475651673736335,-3.8023423409018364,-0.015735392867684883,-0.6658913890313268,-0.8534527322640979,-0.8772086675315911,-0.4757430988721716,-4.351791785793172,3.0794689285288404,4.2789139323955165,6.834019005139169,6.65538761102456,-1.299552755422524,-3.552897498567822,3.549233475850725,-7.405604551924135,-0.43496528472466095,1.7578569103495194,1.2110345763271362
0.4996457288812918,2.0195015028088883,-2.9440731965983735,0.028005535536408166,0.8325130689720333,-3.714146340986046,-0.8794751356571263,-0.21747627385191814,-3.8787827730505082,3.8363289161353795,4.498728467784353,-3.539273538817815,5.037814815868925,1.0177235583966815,-4.470435748638865,7.786727346734827,-3.412862286756121,0.30057139662967813,-0.38740694607032994,3.0719584929141983
1.235348379777077,1.059914944062891,-2.3876468284331205,-0.3708692678499089,-3.6789883915247548,-2.0368077186924918,-0.7956502693694703,-0.17411783040512063,-5.145527206872298,4.217970577878101,4.493353448732042,6.6358663112718155,6.766894783146707,0.32607271198061905,-3.6549829085807617,0.4584012329715734,-1.6705506939430217,4.051067603041951,-0.8938108480791294,3.865335747533123
1.814740807978605,-0.42280084428453213,-3.79021362976076,-0.34655730532253637,-2.4616623421442556,-0.480725342754603,-0.7103533291932063,-0.25164211255164204,-4.487939907686659,4.709714683051589,4.2174356519168565,3.7326619532833476,4.449143418607005,-2.9524536208546945,-3.561353217623805,0.9250410078955671,-5.588610194611636,-0.025057545416250916,-1.3483032339085055,3.408065033379125
1.7862770066612426,-0.7179072540631739,-4.931290020008778,-0.3531984978811336,0.4894507336663465,-2.999031909758,-0.8536991320914588,2.394518835299163,-5.648422088168933,4.596114800430811,4.419437276600442,4.359472967883733,5.165916777502932,-0.8461919800795622,-3.195618599906054,0.4063973559050971,-9.989764325818728,-1.6475793342772809,1.7559574452045192,3.120313150210571
1.8961906393821053,1.3939648335057901,-2.1309190666494713,-0.03458207957031145,2.4291161365282337,-1.3540225669153514,-0.7427918484952272,0.8419352127563633,-4.444242868350342,3.7303604754359685,4.522590390948318,5.216144804993518,5.1276301428934445,-0.36724265722877936,-0.26554881062136326,1.7497402740582093,-2.845724594217482,-8.33514487407703,0.05124565986545715,4.956680801158498
1.518683288684386,0.21470779002879614,-2.9791624497154254,-0.004675444772887394,1.4497439382743709,-3.3737327979364484,-0.7456670024446614,0.03332149355733249,-2.7151180783874835,4.387093167211302,4.119574787593389,4.276217928095214,7.050675025339615,0.6822948136826749,-2.7124796388377463,-0.09685117009028854,-3.558386797016141,-4.054591948270184,-0.2572321923532621,3.2301995644487214
1.4851686931535173,-0.19109545108056958,-1.0995786053804046,-0.43184095813245726,-3.606712971258328,-3.245504666239964,-0.8810188932063236,-0.9912190886572481,-4.509067857513559,4.285728334812074,4.357978569232803,1.691525332912755,5.397155798398702,-0.14364828690286538,-1.4584795564901172,2.0866044931962073,-1.8382365024512284,-0.24319722107419628,-0.7174072511182205,3.9306899736001335
1.2902023233250244,0.8322915131823991,-2.6898535247164497,-0.585878118994883,-0.21359766903712635,-1.210885769555794,-0.7643180872393448,0.6085468389937552,-1.9604166172971547,5.144670734869992,4.126409343693169,5.74932873514791,4.904054009244873,1.4025730869321429,-0.04673622753589912,1.4340300066349452,-3.268124396720337,-1.1108758909154612,-0.5161465003730118,5.446382861776972
0.7995431609887673,1.653739829430566,-4.947774434608327,-0.2476059860018348,-0.5815259833071856,-2.3948148654557984,-0.6950429838760727,0.1297442361354293,-4.16826575969902,5.49007694836116,4.750376927809769,5.762046242902053,7.013945985297623,0.28126144294778566,-5.339381448084493,4.586635523245535,-10.104547998886334,0.5904909754384544,-1.278126905831727,4.510293348133437
1.821658810338924,1.1119186695270287,-3.4715577621185787,-0.28124157733682464,0.44617404513921755,-3.5690013963231597,-0.7992042838009281,0.6310463449468695,-4.4123371907460545,2.250583270254175,4.20863898028679,5.244521299402854,4.733319107136197,0.21122081784509483,-2.474103524118961,2.17562281885463,-5.2081885960009435,-0.7133055211883295,-0.8068414063647112,1.8387308358900183
0.7866767237493647,0.4700316738978195,-2.6074043437234775,-0.30393026115972605,5.3760686146461945,-1.6238808129473348,-0.7639288143264894,1.149644422416451,-4.178469077975192,4.739633694058927,4.404777962301368,5.29763398893477,6.024922712633524,0.39547087665995073,-2.3054098725207743,1.1156257341542262,-3.788042213323277,-175.86961608018535,-0.1472291210348733,4.864639311574848
0.6528826629164368,2.139364899400203,-2.371101786291036,-0.084479163182962,0.02894748263419955,-3.605463941606836,-0.722652763006409,1.4834828966584976,-4.031801321416368,3.211953553114608,4.2860488710289255,1.3847300969917802,6.11926212030596,1.621121352195932,-1.3402543705296621,4.474907430107501,-1.9280773821093966,-0.6340032749869647,0.845378605190562,4.8350181846022
0.9249979259038066,0.48311595874205837,-4.22835158562559,0.05770636247459138,-0.31050515156783304,-2.641812618874688,-0.7715201013094588,1.5605302193368904,-4.3458334646957475,3.901421962173005,4.457475810787231,9.620568479962285,5.327280446924435,2.375495126309298,-0.8598158238611249,0.84739913580946,-4.579492517799702,-2.216802949248284,0.8757283325697248,3.3942560624770555
0.6682263119384553,-0.5239360104157735,-3.2980145714319415,0.048632178811230165,0.8494038301100655,-2.8900735077722937,-0.8700832675116823,-0.028319113949539343,-3.060932854407021,3.8706673543170558,4.991788893485819,7.9248271146055504,5.01905838205254,-2.2451519897838033,-2.796045685676929,-0.2629915135122394,-4.752655997006606,-0.5504764783722527,2.3827240170146102,7.297311270980997
0.6444635014654253,0.7956796234841119,-3.2664475715420256,-0.34903071778301814,2.017340016574644,-2.4239181776111804,-0.8556805297411418,2.4178912199079723,-4.492045219807316,4.617487959704232,4.363814409767374,4.6148505914338385,5.938041303658132,-0.030485701452999087,-4.4589005544721605,0.8744430573915609,-4.646331335377901,-6.561096038423381,0.6198912850812599,3.876739922747177
0.6172186861976872,1.187719774276749,-2.604475230658578,-0.07178355786081825,-0.11047496117908961,-2.298926207154633,-0.7514444670644794,0.1456294016229447,-4.267245206154332,3.0500191794384097,4.1437094572930455,7.352902056296995,5.324802568128708,0.45230633082045757,-2.809764904443365,3.215637745423221,-1.5748699748894592,-0.10700339973226891,-0.27067854055446666,2.6075830335965047
0.7474316552472369,3.0039649292290305,-3.206281208366049,-0.027343822850922406,-0.412868667927876,-4.08720235014216,-0.6903408085000925,0.7952061160099011,-3.759518030572187,3.14905664517382,4.822478610665895,5.213971310484587,6.075888044722579,-2.0409322910258063,0.6094439492729333,15.20674944122707,-3.6881948460771783,-0.5477795030082719,0.03774718021545031,1.4485980849014608
1.7900769644399892,1.245019442025701,-2.558427469325032,-0.04598176197821924,-2.998743966525957,-3.514405281945654,-0.7681537898264531,-0.1902506686674731,-4.7702164504789115,4.904362223404308,4.33051221065153,1.122558457763608,4.601733363251729,1.7180126015378927,-2.370871623152751,2.1773611400650377,-0.5832273681565245,-0.751654015653836,1.0494924968436008,4.054170140553477
0.8261912884997809,0.8848041095271075,-5.172684502181453,-0.5956552819340057,-2.6782354791146132,-3.0920284156003492,-0.7017014285500764,1.0751579566523914,-4.367296859547064,2.484908643289736,3.986508661530994,5.4245933939564575,4.815702765678637,-0.04983127193048564,-0.12171805347710585,1.3880173460090561,-11.41945320295547,4.353835019800185,-0.236517909434539,-2.5110986098258667
1.2436035355320891,1.3624370297837611,-2.9148657844646504,0.13307686589049683,1.123487867101058,-0.919778438135576,-0.8847540713548758,0.9156591111173871,-3.9924445602975385,3.148243655129261,4.401815387425982,3.3890266637990774,4.743448786559686,0.1956822713146418,-2.096155772667681,4.115552881836242,-1.7161681718215298,-0.5656692568805679,0.43496319146684875,2.617049305491779
1.6997711572000862,-1.5467534818432505,-5.414899807497049,-0.04599891680405477,-0.26124888944357405,-2.7574921542432627,-0.7371834364987926,1.987081879047917,-4.386042678370748,3.7647360466985815,4.079445954546067,0.9280482782956034,5.594722063685509,-0.665896669311949,-4.1552917507566764,1.130339355225203,-10.833568281984054,0.3031955848089646,5.222214184814013,3.053215672960852
1.094860667079858,4.483068103332409,-2.5261582573237193,-0.40843359587407846,3.5043738744250454,-2.5411288312080904,-0.7769398573731845,1.9906930581730937,-4.163008228099863,4.762323805472828,4.0049799196552955,5.598089321729207,4.473617424681567,1.1519477943680914,-2.3684955294643295,68.7611276933836,-1.4491567608992846,-29.278425893780984,1.3512654821781045,1.8099415001366759
1.82657185040361,2.402627902697819,-3.7082353271340156,0.010420425892197827,-2.936820556513825,-3.060971012297692,-0.7823185399848884,1.5959182987310867,-3.2221068140424416,3.109703407132285,4.240697616612604,4.539034519004943,5.540472824596449,0.7654998036579487,-3.5047727961339565,8.003476268945136,-5.143289524460939,-0.002862552297942019,0.0066317439079747326,6.967939881095198
0.9764333073754736,3.3413669610694674,-1.4118846987322091,-0.5998560895075155,-0.524254019151068,-1.8914558140858855,-0.7877543617060434,-0.34346146911919884,-4.447253995951889,3.867367551607738,4.495418297096797,3.5806903940259334,5.7800557921682705,1.0043660253194473,-2.011109010744742,20.947081852010726,-1.7208358072350838,-0.7711308980134741,-0.4751586840505799,4.027980070861685
1.420069323938736,1.1814043320046752,-1.7187729211425817,-0.5985693041972167,-7.651704609232513,-2.9273718519184935,-0.8017597227750344,0.1511454363051432,-5.205297084244348,4.999277249119143,4.237148387392939,10.367401348817399,6.6919503563691,-1.2743436739953748,-0.8084925715791098,3.0136830791707885,-0.5463177087903877,1.3222311154481532,0.3942458868332775,4.647479849404928
0.6051781068655704,3.0974588890178367,-4.139332456969192,-0.33250514044084256,1.0793763818823607,-1.6785081846482182,-0.8096875895265329,2.2966257371533016,-4.812349876490661,3.3057601444418934,5.280583534967063,3.9280303959583263,5.313124423560246,1.2779378624924616,-2.6480695536507017,17.233366896917477,-8.897806862785357,-3.204010185263982,0.5707149535566803,3.279796923136509
1.3005432531029004,1.8268526833273115,-3.939799483607918,-0.46196694517291925,-0.7701936498121087,-1.3939095975781943,-0.8818222684648569,0.8498112104563238,-3.0686485483887735,4.110806092572237,4.590045936345242,5.96849555008863,4.55390733136943,-0.45084076516886507,-0.8080627680296302,5.85906540968849,-7.433743560001226,-0.36996021035218346,-0.8172957591751081,3.3271191400526834
0.6380626566127496,2.0475033764175903,-4.555330811820188,-0.3685418863700539,-1.916093625221286,-2.738222530296087,-0.8590612912987654,-0.5037317303108138,-5.921991484846801,4.835819065210577,4.569106393516756,8.2205522985619,5.687449228063921,1.0536134318663177,-2.714542113497859,6.230770432865562,-6.2511904876244095,0.7793815431330793,0.35040892946637614,5.131800820023531
1.2306574168795188,0.6004109711716903,-2.419620609793763,-0.570119815093801,-2.076291756254558,-3.1686448568457797,-0.8247434526169524,1.1377744056008887,-4.425934048513719,4.002289323722316,4.227083664269011,5.124533752657832,6.691219161965758,4.23805045299169,-1.0999436950072323,1.5207204667013414,-0.7257468274697247,-0.9593570367947861,0.9374709102575303,3.3318979469362144
0.8450155367017571,1.9558635913682774,-1.3063793345183994,0.20666580077947683,-2.3877511571965537,-2.187806734479308,-0.7955438695194508,1.153959662390339,-4.829995011597007,2.961884244057563,4.4411156490992925,3.1188335389106587,5.195857208784243,0.48669884469776603,0.15456235971170762,4.659878689384081,-0.8894513577545479,0.8570100419051345,-1.9737859967566003,2.579326348267541
0.8180086565173315,1.0226724860957357,-5.121564152032337,-0.00458515356769762,-0.4331695342853709,-2.6402346849511433,-0.7152443672284503,0.8508375238775177,-4.423901051606545,4.366598859885133,4.253381155617088,4.1196061205992285,5.40322302341877,0.9222765217650135,-2.8934526053748533,2.906644063366361,-11.157037361825765,-1.8957632712980679,1.420340836325745,8.850773640924597
0.9219835498349767,3.0736109991067635,-1.493524225092073,0.1942154430292964,-1.2359921162983905,-1.294810017542694,-0.688474025824946,1.1004413697981041,-3.1652248554257234,3.29065425507855,4.361222509745094,4.893751914841312,5.251700112135526,-1.330834658496023,-1.9859810960707862,18.043273629054525,-0.6459595093289778,-2.502721250514367,-1.3480092727478117,2.5985168767077953
1.674106399962141,0.6553468050046601,-3.1688490954965425,0.12357590634659188,-2.8496873137098593,-4.020548170193939,-0.8822721601029169,0.02230228457626704,-4.313431546552534,2.4688171818159956,5.311249566833316,3.717201407530137,5.979108190021012,-0.16120555131852793,-3.4797957145439393,1.3928222613243812,-4.0024740615991,-1.1043455723158402,-0.1671401507650813,2.2242799988894544
1.0345091786597216,-0.6968769952359164,-4.10520105692984,-0.13281118567274625,-0.6664006726228582,-4.628607278146978,-0.8590812716423224,1.687369692371901,-4.5787540201042,3.7167587431189015,4.3631866198096905,3.033037697307479,5.424738741315648,-0.04558179735747908,-3.6790524346730655,-0.0987943724151682,-6.696324828292785,0.6110506885898496,-1.0281196299567903,5.218215252466733
1.4969069986091665,1.6717200872832232,-4.4609802275691814,0.03402330904255435,-2.099950336166191,-4.426999629756798,-0.7834303242000449,2.8609280329689093,-4.06471642875963,4.234002441448957,4.141164285934621,5.582190983822351,5.665314411357599,0.2574571483136767,-4.106188199078739,5.549591642696121,-7.178625771127316,0.24075619304556461,-1.7092331372899625,4.533978141484701
0.9826397714274104,3.6466277667600835,-3.489590151782596,-0.6019548926087598,0.4020059370052077,-3.6480405173822223,-0.7030725415355928,1.569110731486326,-4.11297479012777,3.6467119789824003,4.256707885548729,6.197028344186007,5.1916990703480925,-0.870053567793811,-2.574399493035863,29.546154890150227,-5.370117989433796,-2.393831817024071,-0.4019822798178796,3.0662748860995674
1.3121933133761035,2.753141124491479,-2.61498437584703,0.05063734832347677,-1.3514088882409696,-2.8718430069850793,-0.8721086286093995,0.2447405888259686,-3.7793148614829564,3.5236877204429797,3.8440833597389883,9.023637193274551,6.091170884068053,1.9908546000289284,-1.3938478001199417,10.563504509402264,-1.3872860964786549,2.2039737582247736,-0.5513349121688744,1.6766385449496957
1.0620904653344807,1.6316679539220855,-4.950409058766287,-0.42956714351611336,4.622110855357067,-3.9356190007728906,-0.7182551627224489,1.0263757429821143,-4.050103669819079,3.1596737546807714,3.980575643821292,5.271625589916599,5.851377204274881,-0.26354283424832664,-2.5088226589205522,2.441823518044798,-10.820329500624533,-85.13367436611243,-0.8039037725769891,2.939619459302543
0.5245589749791019,0.857567060918611,-3.367290119114213,-0.5573724438775933,0.4693599897062437,0.6082897084850547,-0.8006855244180288,3.5507151437228237,-4.195235040393994,3.345974629477819,4.339907016879211,-1.0998776721955883,5.144472199403975,1.5580594941343573,-5.128873749423011,0.7827003733574134,-5.4365868867787475,-0.004595585169694383,0.07043134541016693,1.6038112818755814
1.4826866578376314,1.833047105864952,-5.538543192242429,-0.34909268379242475,3.3646339483203067,-2.758058212610767,-0.8034943408013548,-0.7582675855197056,-4.353057326769251,2.758593207056137,3.9087677648351917,7.150799274233616,5.577276052832135,0.4546041510421867,-7.607442518489439,4.350288744847185,-12.602322942272336,-22.96919539418423,-0.2338682344370136,1.352288980671036
1.1464500787300156,1.2841181014624923,-1.8813293732298701,-0.5800029959953954,2.5068273412977504,-3.0541326833141147,-0.7818692227400335,-0.37481266404366176,-4.949003791235129,4.1371557819306215,4.392883653930786,5.466969762746895,5.115863890570783,-1.9838486223292806,-2.0408191473436643,4.653995086131614,-2.8414294953620765,-8.301964945353301,1.9351639916145462,0.9864145357902268
1.4540220569532303,1.2142759943999106,-4.744389372604283,-0.42099228781185394,-2.689167135169846,-1.6161245501585346,-0.7991271581237779,0.47568260716861577,-4.468824359299613,2.574321843917753,3.970101916008597,2.7082112894786565,5.078625219974412,-0.2569852238426826,0.9105037933488984,3.1707435130481887,-9.60585127397006,1.3407225792346662,1.4668608052237226,0.8950978174360993
0.7735604647056187,0.7028797401603212,-0.9227397177757197,-0.5377894867198966,0.4176913234270392,-2.75243607311586,-0.804540821290368,-0.09097833687888457,-3.88853548520886,3.9633808203590117,4.555429930900488,4.393883450413643,5.972717169668415,-1.043261898880725,-3.406842678596913,0.892961254701154,-1.3716711779040853,0.7574694404004333,0.7567668122318891,0.950059721025736
1.7713892822140074,2.0372552663726986,-2.995529746683856,-0.344641200447579,4.2989488300417715,-1.5349033031925028,-0.7152519288989467,2.7022014904229854,-4.6955697849783276,4.7263528322669375,4.152644556985275,7.009045201543107,5.8196964044181625,-0.7738417325577666,-3.1764041839194883,5.905341763629696,-2.545684668754658,-62.1008010457347,0.6615102460645181,4.202785174624565
1.9489659916302209,2.7328925126311265,-2.8400071211916567,-0.4681546343380082,-0.5362068997451822,-2.3614737296279262,-0.8401648445901895,0.9245732321861633,-4.644551598200973,3.1774868555586155,4.263371592925773,0.4234172379355563,5.527453030956544,2.8046427540678573,-2.957713999382819,13.203079170461637,-4.030141669961639,1.5857243329336912,-0.5661095524869826,4.087817663543593
0.9984090290710509,0.1760201586729475,-1.1135386581695421,-0.0764736964181244,-1.9823823030669285,-3.0535468177759317,-0.7819811079528279,1.4746592997150283,-3.6379098144936552,5.095948244286071,4.328822283532263,5.883033559554699,5.898764667641336,0.27290490286862856,-1.8860576046021946,0.05409463113352164,-0.4224265491008248,1.9896271386545603,0.9297851985904084,4.355591339041756
1.6197928288619268,2.4578187633662156,-3.0296229383955957,-0.4280739016877394,1.5082034753209075,-2.6457062822096096,-0.7074345712722862,-0.07157365807742178,-4.441183220655282,3.729785953692523,4.1647374123215934,5.485124150341777,4.478247504309616,0.7694875822799602,-2.413593854915381,8.204722934629249,-2.674838676472101,0.037773324995234336,0.7776925809155709,4.189630194815904
0.8399210534850419,0.5314961803432064,-2.2564020137452268,0.14588754036176288,-4.099406009810341,-1.7473973911866416,-0.8049264689766449,1.0324355324180683,-4.035793940662832,5.956432914260155,4.342991592619807,3.5758296052019585,6.557840964313592,0.9396270580694888,-3.2896436548534944,-0.19421359146349215,-2.2278791194385943,-0.04346746947842228,-0.37234880282145055,2.5358402868533805
0.7970725635103791,2.075099825899422,-3.513400333368468,-0.48937461843024155,0.2828043167689629,-2.5641180249059574,-0.8684737097952282,0.2822391184069877,-3.921439892738546,3.9869725876843254,3.8856670395504973,6.9372993278907025,4.442224476927891,-0.8381114172479472,-2.982225993327999,6.44449428909873,-5.4578836985062935,-2.288064306937012,2.3041223555964536,1.2332710005652783
0.9699851637568649,1.449643248020964,-4.096729961516309,0.1452335104934338,5.84711384596535,-2.608540903537765,-0.7151927732174995,0.041649138681699505,-4.379800730989275,4.750438743371012,4.2838140183085684,14.760576230276754,7.610790716930984,-0.4997552954300274,-5.605108091280709,4.6668484851795435,-7.382223981348875,-281.5277939217988,2.233499429399472,3.9797169568392032
1.190347918470779,2.4641855931123997,-3.561903623217662,-0.4064856404397621,-1.2431416416700656,-2.0638952910613546,-0.8519375987069674,-0.002199767656704932,-2.727804720074648,4.194822230804493,4.112877699890031,6.03077156663746,5.526353938240238,-1.3805692471343245,-4.043318641534295,9.076538885814829,-4.052462058469457,-2.4754243876546678,-2.29502160740544,3.514267779448999
0.48778952169215206,1.727476610905951,-1.2936017353657876,-0.2619992578079325,-6.021713731213197,-3.912307795995353,-0.8428348172658189,1.2526405120730715,-4.7753241397664725,3.2198091812159726,3.9268545223849936,0.8624490038681016,6.536183645708529,0.7490434785542883,-1.6363286802713786,3.963512857014161,-1.796364432490785,-0.8054075882148535,0.19582064671922114,2.585550202432393
1.0479902363166045,2.200140693901753,-2.7565596587479955,-0.21008855993552278,4.396618067789327,-3.4005966621060923,-0.8333020466658478,-0.4960025089758455,-4.958289811102499,5.0403721153210475,4.488230771251057,5.7386814996329445,6.557653207571654,2.3656419521729486,-2.5345835668173446,6.123731755894097,-1.3377801460286471,-66.05798941535248,0.8575277474308142,4.992680053916516
0.798731401533522,3.7352260900543883,-4.234912071846929,-0.48630477324787647,-1.7841109970587137,-4.260692032154722,-0.7459682888454561,-0.36333791912473923,-4.125591345544439,4.78989556357814,4.6447001335305975,4.809240478252129,4.591981146053959,2.7747841836178373,-2.5312970171659295,32.15829079567254,-6.561174520792035,-3.875884085163521,0.605473060213554,3.284322429964569
1.871804918153088,3.2507301902777113,-3.0340264817674187,-0.2855201500193905,0.6929964577773453,-3.3098885388829458,-0.8082396523123782,0.3070270764677421,-3.4061204722814953,2.647115122707905,4.558169890232269,3.9481881259604674,5.565486645662773,1.4775732601329854,-3.702695861393935,20.349762341948956,-3.44662297328914,-0.8816486786127556,0.11560317558666394,2.783528966845117
1.1943995669563992,2.025648208980813,-2.730419404383616,-0.5646008591528853,3.4305008879485004,-2.6068502877263,-0.7350494158188096,0.15812149228654615,-4.5427617886598695,3.804512065520416,4.529972279502988,6.440495459409419,6.666437142782142,1.9414665472738815,-1.5407402218253758,6.5773863321512325,-3.1520695144182045,-22.33172209334067,-0.49750107821256306,3.4056748298182162
0.7443365932044447,3.540253315202458,-2.5835589885567622,0.038153023732108715,-1.3271123265573828,-2.4121413383690196,-0.7911157413904693,0.11980620541305065,-4.478873759087942,4.359374551147113,4.17137212200151,7.461257430579369,5.822415118286116,-0.932882122252007,-2.1739311599171005,26.251377596755457,-2.2820584534310453,-0.3495549274571905,1.4729787135565298,3.3912368689483565
0.68431336891984,1.4601249713538909,-1.3497817030248502,0.041413943481447224,-1.7313017819674092,-4.154280107682258,-0.8263844968291474,-0.26008155340206407,-4.647184299400968,2.835736984533226,4.2699642330117324,4.333339665259008,6.490651113914614,0.15063355422743435,-1.4094968135835133,1.2339409982035006,-1.9256517599713991,-1.198823514061895,2.3571579324169036,2.0298530782073367
0.77408196193938,1.6388638796427226,-3.1482207935676234,-0.08789826616097696,0.35514366265679387,-1.9425817811158161,-0.8003415272749781,-0.09542220973700877,-3.121668597536414,4.87872867942918,4.199191882531926,4.428211452845853,5.723791532710759,4.685432987141571,-4.18983312296933,4.671184768154284,-2.8408410631652137,-3.3200269580407458,0.21828651760069728,3.994586678601616
1.6501339117109664,-1.0381160840956114,-1.683024121946944,-0.227873901322873,-3.8910355937298555,-4.619245123178311,-0.8223232422873604,-0.7993089616638251,-4.224381779491731,3.3905344783279436,4.3421291366582055,5.56641487656127,4.3933840319646915,0.050500071757150544,0.7755747568838633,0.2974723087900719,-1.7419793864802093,0.5755756848457672,0.14577358315760894,4.657503296396702
1.1925312229159148,1.990364993882245,-4.323964313210661,-0.3303541112099521,-0.7019749894897447,-5.121067567183018,-0.7880235260293829,-0.2813363031720407,-4.326592303529144,5.110497874808107,4.14236774949082,8.293229470140318,5.257102004062788,1.0167495096383776,-3.2581506797863664,5.566021299504706,-10.202409959886783,-5.647113062968403,1.2976562532524558,5.047824257134055
1.2442301284032282,1.003271090245792,-3.392852906146089,0.1733588111811677,-0.7881547398204765,-2.5865476270431813,-0.8785498909436962,1.2014668846526253,-5.06997812785106,4.891050863708442,4.202148261925979,-0.2864533708050505,6.224841241610434,1.5672433574165956,-3.08863732123925,1.239295468770588,-4.744509808019354,-0.8903915007426908,0.1777530768218252,4.967134451431732
0.7957727249498981,1.5942419540538015,-3.5324323106610107,-0.10946336156466518,3.234165655230613,-1.3569113718805184,-0.8555936283866692,-0.6424544498855345,-4.0101661105105615,4.183054833842395,4.170482523653032,5.2054434545093065,6.428363893880619,1.0914756756799133,-2.9378209572484115,4.4365541685345145,-6.289059988154985,-23.094828898303433,-0.158709083724069,6.561423581668601
0.9108399889425036,1.1121922923500145,-2.4109715175398545,0.11686022967741594,-3.101469944151384,-0.6149285869355872,-0.7291660103125123,-0.03155816878184603,-4.020172061071032,3.8718090796914546,3.9211911341206704,4.332218662444641,5.732182704215797,-0.1312742668883909,0.9929790547075432,2.836448062227028,-3.2987527535405095,1.9601798745909234,1.185067244082377,1.3681239453717933
1.2270858095955672,0.9469410865676804,-3.8740778757476493,0.20176543461420404,-0.7134990921547153,-3.4075414949599945,-0.821776927667367,1.0574342653483346,-5.119900723042955,3.721679503513223,3.7976560996456685,4.503160963829501,4.992190577501655,-0.610914162860128,-2.8862385976027545,2.7911100056086022,-8.164567262487925,-0.37637985028468113,0.041291373185826076,3.4626099178979177
1.073192079346215,0.6319800560618776,-2.846024884570997,0.1597249329885042,-1.7419077054024763,-1.84286425607413,-0.7609144328579377,-0.09119173612591003,-4.55823724673034,3.1899266226623393,4.241611191828036,3.974762852083474,5.552724504328019,1.8180266880407518,1.2279780811872416,1.1841098912238088,-0.08411932260285004,0.9643401207286111,0.03671717434917013,3.108555683595019
1.6296991457178607,0.2757644523185818,-3.8430021910368564,-0.5668473184076528,-3.3109510069620884,-5.501392948767857,-0.8134355127956424,0.5256847054590863,-4.761570839213051,3.5692493634859157,4.042133848540302,2.8707426354705783,5.576122083217193,0.1098234399645866,-5.417161389917137,0.6437935795819296,-5.1728454446713865,0.09640503119803603,0.3430841135314563,3.1971767086214973
1.3493388363881162,1.915045875769735,-2.3778043441618646,0.14490234581165062,-1.054506910533529,-2.983611448699386,-0.8414109304826451,-0.7395714225003742,-3.826982602075734,5.001013085873774,4.4170079495337005,3.4786895717341046,5.875048208935408,1.4568614168847436,-1.3086440184685997,5.471715890611359,-1.4587625560031343,0.6420254283049578,0.5344734466245021,3.673504170365666
1.476698332763105,1.5372168187393442,-3.1129709951046625,-0.3934853386999484,-2.9066712930516045,-2.8104427599518074,-0.858981132222858,1.371994017699239,-4.322922724632795,1.4408063830786153,4.619357155240214,1.3493509995891162,4.9733391725916105,1.080277222768604,-4.01322541919983,4.827371067176802,-4.243170062719112,0.021013133965109742,2.5354659993854853,1.358426087832365
1.3717637877278954,1.80146498427973,-3.923732727665423,-0.5507024165991978,-0.10867383137109438,-2.50799753237626,-0.8609103305508405,-0.25333654437328934,-4.889944343316992,5.549043287673788,5.246475342651831,3.9708996914992243,4.909211393490731,0.6062735463817293,-3.193984310247264,3.4940340613804137,-5.674240801987094,-0.1041939093610853,0.0402545968109075,4.4138027564486935
1.3969675111608169,1.788881703145182,-0.8919523926196464,-0.5330821421677246,-0.5668007718321642,-3.8149739273755294,-0.7600955410704651,0.11051510351584559,-3.670421380160382,2.9836872854854093,4.051462610218931,1.8731174055999174,5.327165825452672,0.06608428867027699,-0.6374929789909007,6.868273307883749,-0.5539238456992631,-0.8229902750249337,0.3311312927803016,2.1604041105792446
1.6658997165693878,0.7819279582555254,-3.5821856197746804,-0.569574311856092,-0.11840993766673369,-3.3512504657844895,-0.7204357495609094,0.103405895531133,-4.398536922255309,3.317699133796754,4.086147366800329,5.63310849806452,6.628877311628141,0.5151371210141872,-1.6374953341299754,1.6662988554802296,-5.540815910638629,-0.7902537295164034,0.5432969730743213,1.8330722912614896
0.986778997663781,0.8601143325560702,-3.6740192138044314,-0.5217440488971244,2.4777748374970052,-2.5771799866356915,-0.7234492717201643,1.2433464666706833,-6.168368815829501,4.261965398791016,4.23786534644965,5.052258379104996,4.858800879531962,0.3361336422118463,-1.2349105796934923,3.1776574785961653,-5.864385341137287,-11.134330521124713,0.00043948591058393105,3.141466513998273
1.0940577251414156,0.9651492563952435,-4.211738995638982,-0.3228170541962905,-1.7948507468109949,-2.8580058548778497,-0.8638231832065516,0.5414123012592515,-4.349030984844151,4.500451840976385,3.9831248303375997,4.536222747042466,5.777897509317951,0.5064975602620487,-4.524652501924815,1.480764221076193,-7.93791526795666,3.524521320869034,-0.04345609262102815,4.582649193932727
1.560815834239897,2.635166382566066,-4.660407352091913,0.011701746669666946,-1.6164733185794276,-2.293254736636027,-0.7421725424176114,0.13253211892744288,-1.483000976250251,3.6676020208473976,3.9696250376380875,4.142112760665188,5.659757412800539,2.120513721974284,-3.5344247649948315,12.883009283452159,-7.89302705018836,-0.5702819067001965,1.3888601015293585,4.847281776513723
1.1733162910781507,0.6409358095960336,-2.7753116061569565,-0.5042423080111343,0.7288028486701705,-1.5263580930846632,-0.7826241807183331,1.2094851887434759,-4.7001107960698825,2.913037162233283,4.5459652532960035,8.593223788388473,6.711639646691864,-0.27060479756226397,-2.411563351334496,-0.7982033462921385,-4.0002525917287866,-2.1043096075464205,0.2656459526768996,2.4072974340925413
0.5621906242384452,2.8820997456402546,-3.715139328150296,0.1462934118568434,-5.064416429963659,-1.2940290877366163,-0.7457497006738479,0.9319099725664426,-4.414435364927251,2.6366934325291824,4.218944113962168,4.610113397552129,7.0433887559083015,1.4334643088243357,-0.33490512817388884,13.078244526146655,-5.677379236549065,-2.025908973783965,-0.053403552862658785,2.361094775289986
1.2232023402749483,1.4846164948071752,-3.8248122007332968,0.13450313492571975,-0.48277151418891906,-2.9815282196533954,-0.7456619482658582,2.08447418273199,-4.365570394266436,3.760187703143269,4.335928671117026,4.555752752098005,5.509739158820208,0.47223526083471584,-1.4425545358566099,3.4216346071560935,-6.3949146498627485,-1.2376013612451322,0.7147112973701573,2.83570774894356
0.873217272122563,1.260835423532236,-2.539969639676621,0.18965991290503803,-0.7110587476224421,-1.8683724065615288,-0.7127288932957674,0.05286954686890444,-3.129020293625274,2.56429464229792,4.418649446028677,4.983622432183337,4.897406516754972,-0.7598409779248921,-1.982034026496819,1.7067868203236904,-2.5165460349173707,-0.310721217616794,-0.02982664184185395,3.042130192804943
0.6511710689725896,1.0258867338462434,-2.5324749220316503,-0.40734790774253526,8.323944947332377,-2.12441358158092,-0.6923231803716576,2.2279189753624755,-4.972041092807032,3.3251346648505353,4.029587147653565,4.415112402113413,5.200762564170803,1.2900136402630178,0.3703223241791065,2.275730865264329,-4.670126534641758,-3352.6945128915377,-0.5068511630269577,6.912897213793454
0.8636784452203623,0.042573584647008555,-5.079864887576683,-0.21802764455422663,-0.5188072154966745,-0.3202126817810149,-0.7329692995825273,0.6614962181937285,-4.597963736901272,3.124914380096551,4.069033051116352,6.456585604856135,5.949556012965635,6.379122436786934,-3.515697387694871,1.413204942531122,-10.38059267694053,-3.0395974340906933,1.3634101331446158,2.772114997736713
1.5113696298665071,4.856177302542129,-2.329206475211255,-0.13826327620293055,-0.3448779579615953,-3.672854907718115,-0.7488034014679347,0.8812747995366541,-4.292722192550894,4.529145124578435,3.9304072806203028,3.860315030404149,5.536735339990252,1.4820898100871067,-1.4396152661911437,99.08043623074559,-1.449772902179744,-2.042581079690257,-0.4496515255747964,6.446182492342441
1.5705353047898476,0.623574576220787,-3.3867559040849784,-0.33663696571387486,1.2751805050779683,-2.0225260234653,-0.7713081768647498,0.5444440405004773,-4.86866480955405,3.811870730466497,4.043418383362509,4.528227939757029,5.494398342688899,-0.03570393991928611,-1.0536465709713,1.753340237590523,-3.5163132024167476,-2.7075243765069206,1.3850673145062138,3.3726933363062033
1.9239747617539742,0.021153495230977315,-3.490990129557837,-0.4233894175702171,-1.3734116939301706,-4.009437897273599,-0.8533778717968645,1.051248471660239,-3.733480147031979,2.9225641585436746,4.6172625226092325,4.567005386278176,5.664573074308169,-0.030904970518855573,-1.4835230171417204,-0.21933769183453444,-3.526114641399506,0.5130701158106605,-1.6833159444957297,3.2826526963592375
1.542396406531352,2.520821904106574,-3.033204592590677,-0.261308656193748,-1.0635676846455722,-3.4989924269082873,-0.8856301661699606,0.9470730350871999,-3.845374890012853,2.191730325051157,3.8640754425183745,3.5810159413811187,5.514990485053037,0.2563598303734875,-1.7818878403793634,9.040291451060973,-5.30725503108198,-2.348725002574798,-0.5769230153985397,1.3345313228734879
0.9558578358149932,1.4407609399582069,-3.5887104383949957,-0.43269855474881525,0.8118798152958646,-3.753808749061717,-0.7506741780911826,1.4227993304289854,-3.452615506584499,2.1803304437185744,4.382905095910099,4.506730517014557,6.218816614251402,-0.11374279083421418,-2.656733713664161,4.504156820338038,-5.0000498897544965,-2.864373364081567,0.4589549056435512,1.5307447250834865
1.8827730222069434,1.8861015971769337,-1.3968466990117174,-0.4759891755735728,0.12471945459612621,-1.8639422467144162,-0.7242963086717913,1.2946943121128625,-4.926502591876126,3.435092433065521,4.014218581180974,4.775146714828511,5.706664995009362,0.8975914164264069,-0.2836424263081888,4.074025821321527,0.8055511753007727,-0.41136810460977485,0.21437322123455246,3.237858786591568
1.3467500527763665,1.2907635372188333,-3.050690734596894,0.07403151801150021,-0.016970112287384098,-2.1133547730373374,-0.7553022640266066,0.5563289297300291,-3.4405350673971693,3.9924329770096447,4.445467310262032,5.716297300769309,5.217376534599787,0.5918351353124818,-1.3181567654950883,4.114776920001914,-3.8554896801225778,-0.16785253079849927,-0.5963510468203967,5.854608427084819
1.8833096762529737,1.8728121675696228,-3.9150238646530635,0.0034729397067621015,0.6683117212234839,-4.2795789311918035,-0.6906761998010418,1.7012226651883968,-4.50927823008683,3.4181228215171084,4.5838667073482995,2.7503056127925056,5.927174101962451,0.15225593817715338,-3.579000827767925,3.9710885704006653,-7.42857099656109,-1.6424138687096783,0.19951464649260658,3.3068463407608455
1.096804965999044,2.8687323464892787,-3.3163399610844926,-0.6021343494574789,-3.5993054545005765,-2.053083970319114,-0.7204649843220637,-0.11979491900429462,-4.542793044270574,3.2912334927484452,4.057127324103604,5.834316968767686,4.754154271504234,2.250319107286665,-1.807426536532298,12.34652874447705,-5.993772633515758,-1.8941846882240845,1.1716354081946596,2.9508527473076716
1.6285495125200908,1.4424857546845897,-4.382140343887351,-0.07829732744459461,0.5370139812490025,-2.209445598625325,-0.8279377537697956,-0.02727231119647988,-3.786139249109737,3.051777652241986,4.238182249150448,5.089335009116489,4.546874863186363,1.8905756259386028,-3.444221089912948,2.2685551523558383,-7.553343549634945,-4.545484131987941,-0.47587690756502266,0.6834879566313663
0.670522410260685,0.4683688284074575,-3.0858599960655018,-0.02483666079648028,-1.8530768861542648,-4.774263798857293,-0.8098730629990631,0.41076969624322635,-4.019259036862702,4.7037773147824025,4.758032966319381,3.620386734192713,5.928965550337665,0.7225606260896311,-1.9601052851529532,0.5778334500135907,-5.051674402325568,-0.32652081790588816,4.331397826066579,0.5228671764315953
1.7655153058092155,2.065238482940717,-4.295312678371683,-0.41055295695324157,0.7969096781463596,-2.605621508313856,-0.8427472137769176,1.5786684555697095,-4.672214166104242,5.353914119391328,4.549411442171008,2.1074260114787013,5.3769054508475485,0.4020186278642645,-3.3459756511314853,6.862722023078813,-7.919471961955431,-1.955817890418943,0.09550921028074258,3.75523629921377
1.0054796244049076,1.2463569037200082,-2.666926214717865,-0.09485918645447566,-1.3763417517516214,-4.859316442106083,-0.8617066042168181,-0.8422332332494076,-6.498908747889283,2.3667410009467265,3.9947714546874384,10.688599517397087,6.13880978175854,-1.484543035040068,-2.076769050574932,2.1971185624012604,-2.0179658718097526,-0.9275044401722959,-1.8177285703787005,1.676833545664196
1.4470712681243711,3.0677271703183697,-1.193566673391758,-0.31130754624414786,0.815105451762216,-3.349300061664324,-0.7516456226877113,-0.11271201173760059,-4.223893239101059,4.4570438893495865,4.4158469217993295,4.9304991400079485,5.601223985516292,0.7521559009417377,-0.02753626850387636,18.805155191293174,-0.2606074398652374,-2.4640759027022714,0.3394412503700306,3.113232792716663
0.8662819873361867,0.29672234010497167,-2.382043788952764,0.19741138484373388,-4.01204390465299,-3.7741570381955594,-0.6968145552446333,0.8146405106546577,-5.278098104765772,3.5549579714382435,4.290382934364896,1.6943946187506342,5.23280315830418,-1.0088065186310926,-2.890126171961752,1.210138799375898,-2.438508600428445,-1.6994430160276108,-0.12181488528022667,2.2427388562156265
1.491678991406999,2.177416385492028,-2.6264205529525926,-0.31253307736266933,-2.563108253081884,-3.5772000223677187,-0.8827030612036176,-0.1567734206046968,-4.485612521886114,3.370717837898086,4.217322832841331,2.261290610030341,4.795539394261907,0.8895107397547473,-1.7434607655505525,6.192965676144915,-3.788820959675435,-5.400439734392369,-1.5304106297836833,2.1333476407150496
1.8299100311692236,0.19755943670542742,-2.316980882179988,0.16403801946930474,-0.6608636075827976,-4.698275332617095,-0.7079899623401656,0.8580695731873962,-4.890745536950058,4.252797874519718,4.4453425498574015,6.729786978253842,5.890005664439319,-0.6344699703385923,-1.545848746604731,-0.11914585545949297,0.20643522648817036,-1.6760498396647898,3.760583520745835,3.6891936209429357
1.192621701126753,1.6010644187192187,-1.882685164144153,-0.29710186941016054,-6.701552563752111,-2.069455357080149,-0.7492763487522542,1.3714799342483253,-3.8153481913407887,4.453905130811773,4.763451629146161,-0.4400980473194007,4.800089671608389,0.5783720711969643,-2.302501791958622,2.6082861173007887,-2.511916563310278,-1.1913971196601487,0.4678841036252691,1.6372638197820826
0.7869837217480229,0.759967629540811,-5.414000433925102,-0.583087503454418,-3.113766583455629,-1.5442644082613848,-0.8580985045691324,-0.46624455767675743,-4.593629362972805,3.1664332469468044,4.344802613535464,5.558846795122476,5.304678353156427,0.9863174969123604,-5.475526531817362,2.1450030004953016,-12.196637670291544,-0.35557023600234383,-1.6266959244270003,1.7989303271542871
1.2014563956004438,0.521539926703778,-1.2623542003634287,-0.1447931323965153,-0.11342840335313897,-1.3020694939888824,-0.8856252945620119,-0.09091565760154108,-4.86403092939027,4.284843587010688,4.342488480278002,4.667943193351796,4.958129398300366,0.8060941231473223,0.9804250071896523,1.2645258505658323,-1.3974211938122831,-0.15843450954243377,1.10959791714884,3.037755040187736
0.9897347620354996,0.787964621083449,-4.0497317908425154,-0.11640836004828159,-2.350324107122672,-1.4079038124204535,-0.7481555219511229,0.725599576316551,-5.457487169389964,3.0319979633557335,4.274726275962441,4.422580886090499,5.810328251501612,0.8860777207133919,-2.959336579230094,3.845768556879505,-7.208826878075545,1.083121387480449,-0.2544975649821811,2.793012387136781
0.4658689070039954,1.4666118648606519,-5.170412593212783,-0.5646532700935442,-2.0018474878198864,-1.6650429914518905,-0.7386141208134823,-0.4717462245793048,-3.4152467686744115,4.588356602165342,4.266149440472739,7.60298642947192,5.8321467593119865,-2.8871175487973586,-4.9241941150648465,4.240019658428465,-8.273826099345074,0.7493571946243023,-0.9209797689850037,6.386275755994193
0.8722793449073698,2.1368524740962664,-2.448825214735414,-0.33366332063587295,0.20639947791875657,-2.6300885211884406,-0.8724024907374669,0.7591687959492337,-4.703137349569952,4.474474771319905,4.489319256513628,4.84882344170139,4.962599283009745,-0.8599141638636283,-1.554602068996821,7.303432204974909,-1.8437817873138567,0.24210632990711867,0.5105983150384447,4.238473329609695
1.0573887305638674,2.281751692039837,-4.241528206829808,-0.1747736911676681,0.22008603026028173,-1.1283907427884488,-0.8103168011487908,-0.916753775463442,-5.233627167900659,4.0580160180947615,4.8612070700689625,3.9259498539677185,6.663587205594675,2.55901469931142,-4.044628666432684,8.984041410278389,-7.816664685057738,-0.8597241098784544,-6.509364281134221,5.619889950250083
0.9067304653712587,1.996599987675311,-3.3170263405855165,-0.11604528446084283,-0.6790705354764932,-1.4240552048210442,-0.6960012866890568,0.9656425849643551,-2.746809573365227,1.0106265295452226,4.2792623171813675,6.617838395447395,4.947208408357632,1.889239283778379,-2.4319450566325322,5.56687091091827,-2.58829348653913,0.20753813422014594,0.13659283568579572,0.4891276674923958
0.4708685296196297,1.1201141484668922,-4.443688824141702,-0.5911114987138288,0.1750478822464412,-1.4177396034821175,-0.7292604306226793,2.3429342362902474,-2.717498961363182,2.9268420196927734,4.073565157363491,3.209144548583957,6.953541115902382,3.207175070877289,-3.960011884955244,1.236432981572684,-7.969925948404547,-0.5587064883076152,0.9256592102350177,3.1662486349337042
1.3733377492445458,0.4341118909776146,-3.578743811253126,-0.1632352314428866,-0.7416876608105087,-2.59546596913438,-0.8784016388582133,0.38270149366097317,-5.805418225383005,2.9911828533283966,4.423854639767287,7.442882793785016,5.065599668724689,-2.1907025343419035,-4.351876624356788,1.222326428600431,-7.092313334304613,-0.439771200236291,-0.07942365072528497,4.06646140051593
1.1123104420316672,2.084485939962991,-2.405347927903157,0.06078156825348513,-1.1277601199742695,-3.3165792971533072,-0.8469396790960574,-0.5836057920565917,-6.559299548699978,3.7003201611913843,4.097302756189877,3.8256772116414477,6.22666587920032,3.4524474474752807,-1.6621761942760487,4.868279047164619,-2.0273507778907316,-2.1559409309938475,-0.7053332930047129,1.1396884206198536
1.761333989509192,2.883145087060936,-5.098442417580716,-0.23589760123636383,-1.1698511201771646,-3.7764089327863113,-0.7588811149425003,-0.9344665373949264,-4.145221043658973,5.02149708322714,4.987279766004848,2.4173284439142653,4.528548496000651,2.7684848245505402,-5.326755688111229,14.380185126222427,-9.257852272579633,0.09469790833037936,0.803893534938539,5.142332908033245
0.5985496363982179,1.616857858190026,-4.06230865716961,0.1659966905581488,-2.3495007329501973,0.09827482324889303,-0.8463851228519459,-0.794888684006122,-4.085589359249219,5.219969524325422,4.285189461498547,4.652009087877225,4.871130893544827,-0.4479021982130862,-3.749656320564091,5.30523524316653,-6.487490557213333,-0.04762506769465363,1.9245187443922798,5.183464124533092
0.7530936480229677,0.744738520108776,-4.8287623792444405,-0.3967992542250426,-4.271895892334112,-3.2938295375163817,-0.7323233098513455,0.5122688181907489,-4.77789427727463,2.8278759283167823,4.046630995468019,2.3995164453311797,4.506145414806645,-2.7429010582899505,-4.341765847511897,-1.0980783004236407,-7.835014594539578,0.0965271898473247,-1.7784228079881879,2.9888674773145514
0.8410316937324878,1.7875930879448312,-1.875767831353887,0.024746752022770102,-2.0503650889875393,-1.9185511150454204,-0.7474011641377708,-0.4522791874108587,-4.393479170318439,3.2280389027868566,4.17656699342381,4.027723766458803,4.858496404493159,0.2059716923281532,-2.1747964061530336,5.234292260411813,-0.4828953302293586,1.9137443154172717,-0.19555712823103438,3.1054122966064788
0.5820304466915307,0.9277848037025124,-3.435302579204286,0.20342642874179384,-1.2969641827968763,-3.327436402332299,-0.7394702076870969,-0.49955451156031005,-5.7680446132329966,3.8783835438780656,4.250667954407719,4.885613119170829,6.119784625028654,-2.3732764300656264,-3.8853681448029316,2.520767573743398,-4.915792215879147,0.5298645262969912,-0.003823128083298391,3.015681064194181
1.1820298651382903,1.488712023298936,-3.2000301979784314,-0.20478558177463618,1.241816266743619,-2.8645295074512056,-0.8742075453467786,0.34618134291847324,-5.2272433236473095,2.780456008934632,4.233915949011255,6.507272521893639,6.64328968901899,0.7814048339547812,-1.830896577338509,3.928681954042549,-3.476493731946628,-5.548886778415765,-0.5064484759681314,4.194407348701739
0.5727634221360008,0.16454182301548936,-1.9648265264906741,-0.2343582332152656,-2.293937741922222,-1.7908463492476039,-0.7775341123853354,0.9391895156025076,-4.260702092040317,3.798773959765338,4.6514174241858735,8.431120323244851,6.621626833657283,2.294488631702896,-1.3423219908721797,2.226786331359114,-0.9702423443803458,-1.9767053199897762,-0.8264650112646282,5.071034799903125
0.7553790083871131,1.2471741706680726,-2.99189607727983,-0.4986422763990109,-1.4273665967775004,-0.9050990015372316,-0.6950461547688171,1.7106571880884331,-5.476067367727262,5.1443643600859,4.039771774285569,10.165610268231202,4.787631868827316,-1.716276168309726,-2.7329746622723086,1.8426176673201717,-3.2756902980112987,3.829986721251093,-0.1527129670876841,5.184914176308654
0.8816295793721027,1.7378582153845494,-3.6128681728924885,0.14095151340639112,-1.4678013060707138,-2.7483621816945343,-0.7584523327960702,-0.29260416269650746,-4.642209702960279,3.0066639042654986,3.91007648431912,3.6586933279141265,5.874839356502647,-0.12469279050406701,-2.464553811094821,3.5702979365128527,-6.642890139909001,-2.3282537145430044,-1.7922547815528467,2.1335357457052937
0.6015623124562394,1.758455904034468,-1.7843753816220698,-0.4507421923779945,0.554237975392079,-1.1304182292987224,-0.7988647304535277,0.8590126261139077,-3.5941602152960117,3.887776699499823,4.406779813562636,3.025372634576838,5.317508655968478,2.154048297739175,-2.745490973231349,5.2917713420938925,-0.892311545050387,-1.2734325176864505,-0.3467476462765451,3.7995929145415754
1.3481950927604014,2.997805270134586,-2.4426946568036714,-0.21758002970378543,-1.0465097621763797,-4.2245711840794495,-0.7559953469951032,-0.2981373309902269,-3.5957421859711722,3.909441441612348,3.8939652279138004,4.521695387032562,6.875488441992631,2.0353447110665135,-0.6930068113636234,15.403795199932382,-1.349933726936474,-0.043553943197183975,-0.6480604986797363,3.33121268924248
0.6524359771538467,0.4231027358308038,-3.4371126170522004,-0.21448918896125907,-1.085830180489977,-3.9264412445305807,-0.7474702318888758,-0.17313573157969853,-4.6234874540252635,4.662274713134077,4.15579327928535,4.584130869222069,5.409554641415758,-1.3703311855369416,-2.1743447447544746,2.0230048391560755,-4.848274281390115,2.4696461250246715,3.3725873684998517,4.481090933022253
0.46979049486600255,2.6262944193605042,-2.883169225405345,-0.3815252788379926,-1.2921366407157886,0.014096353935011852,-0.7536104901635051,1.1304631015639184,-5.0901066809030695,5.202477093016453,4.324051552073328,4.757466265225857,6.626404039689866,-1.8383559922880193,-2.0615573823407347,10.891261939150521,-2.568361536438791,-1.6949101223636462,-1.769387815301354,4.162103409584359
1.6532085677745803,0.7320920039508977,-6.856142254102776,-0.43406038691655713,1.5203405489307764,-2.863756329087656,-0.7896279543234491,-0.39761736923156066,-4.469557947132994,3.8232798675793025,4.130728030192423,5.952787985397485,6.145093460879572,-1.275414847149812,-5.346836563380145,3.8773176523277666,-18.367827557133314,-3.589257490003985,0.9782873824547709,3.9965431449345674
1.7406951773470565,0.6893594261478851,-2.4681871963990383,-0.44988610087045944,-0.7871656973345968,-0.13610633016151796,-0.7426162100014121,2.3819960897317958,-4.31540393821603,3.510756545529344,4.573008638050607,3.091025707431314,5.086958024529661,0.8710486807769489,-0.5456142616253503,1.7617504929403758,-2.542021009553374,1.3246866016600891,0.1994902015261965,-0.9611974643947758
0.9735314322420353,1.354363431543692,-3.0148228296486304,-0.42680822737030755,0.003702673196766537,-4.130146947134367,-0.8692768335943397,0.7915095356968331,-5.211890838692658,3.089321221977477,4.418602708149712,4.06220796858369,4.2364483330583935,0.9020294951724444,-2.8438690066196273,2.484593901914846,-4.641375097731119,0.83189545041186,0.12080228117253541,2.042730753921615
0.8550825102751458,1.0353450919223248,-4.087789794382527,-0.2467506736705226,-2.4726891326524854,-3.15601369062433,-0.8580993275636944,0.5081458146115456,-4.178105986788052,3.712771126652886,3.97700337364904,5.752503913929281,4.960203750204581,-6.352672024435834,-3.4618203232781406,2.97283871619754,-8.596043244948907,1.3423681699165748,0.04909291607926466,2.3258441284847926
1.5709161364616473,2.436174182095847,-2.341390120908389,-0.032501985398528666,3.9889015671054784,-5.3205655543073505,-0.7980013055910286,2.605030512290599,-4.464233937427702,5.040361517340862,4.393539719366535,5.825309007021366,6.290107418326446,1.9969223037819066,-1.8036645461457022,9.513586831904679,-2.659070822907511,-44.077178863201034,1.9954116912552091,5.433555527498474
1.0614965058894272,0.7118415675427805,-3.2414716732965556,0.20567731592451044,-1.7262998699624388,-4.557921709315841,-0.6884381801287407,0.5079510050000242,-4.018193101936068,2.8287736195728295,3.9817987883900354,4.742082934876932,6.462204441823613,-0.8532252200979282,-2.372639232103285,3.1192791536262483,-2.485604425301708,-0.8550515209115092,-0.12667455471795713,2.3915204291604555
1.9442492546948946,1.5587263077695774,-2.440331547357808,0.17555940803543213,3.450594195362373,-3.6014304147817504,-0.6862127215467935,-0.2778793257075024,-4.099852502840301,4.046829937828028,5.075051916326129,3.151146592698125,4.97942157683448,-0.4137386592769292,-1.751946788421473,1.5543852887998995,-2.212603968591245,-25.801212499862338,-0.06771486710195909,4.928346112266107
1.9342942148399371,1.5784760739642978,-3.6199358201107072,-0.2819901690640557,-1.65707796395014,-1.7138214769043745,-0.7543074997456777,0.9096185755446013,-3.0593996422575964,2.398356114723575,3.890316992477316,4.077510904587852,5.967154584561138,-4.006213293295773,-2.0059314342273,3.3452320664340167,-4.856553624454487,-0.7066350079066237,0.9819359279974692,1.149420747038301
1.5619207922333347,3.6537097080737873,-2.1389952150598415,-0.5240310967248853,-2.3775869812427235,-1.9025071180614275,-0.8677780193996811,0.05657856256866167,-4.315985055537834,3.7106648789140895,4.922415978724443,4.454476068679783,5.464603090466558,1.2791241634452089,-1.19852012734658,29.822060137031954,-2.84765290788684,-0.3498642977777378,0.3411899902996913,3.30408732262111
0.81652563592543,1.1716505455234854,-3.367972191438755,0.03797282494131837,-0.7819172666440658,-0.5607357118604179,-0.8031198754963915,0.8083899199900844,-4.073184110230546,4.3872253491025655,4.306470666926526,4.093501880748428,6.305983810838296,-0.06800294356866254,-2.449995672561521,1.8337026522646007,-4.541859080043902,-0.3946303657176616,-0.08515594978091136,8.325826385113384
1.5950639846018047,-0.03618938557957718,-3.7452629733539498,-0.3246058781453124,-1.1751297225806305,-2.9897636528363365,-0.7076113273011002,0.8377179169089866,-5.942332886367949,3.45678167717592,4.082479810217359,2.8718604203154534,5.774652949735246,-0.07853953035469244,-1.8266468228058876,1.8155252165206361,-5.811155168423589,0.8053834090791882,-2.8358611641266913,2.9663537761895933
0.7219299893493157,1.5551921762802734,-2.2680010710518146,-0.34303668875410537,0.454521378627877,-0.6066096548763706,-0.8048630876859644,-0.2710735962401757,-4.564411089587543,5.853417467202248,4.070077031541885,5.203329759678516,6.441488891496312,0.6094641058958736,-1.117212992435992,4.366904078589858,0.10835119043275565,-2.002093745822005,-0.589724549298522,8.002403037106479
1.756839058349549,1.261808999948592,-3.418891688473183,-0.2520433941791343,1.4046165880376567,-1.7230556081713515,-0.7317835040151313,0.3398111591095263,-2.810955640635886,2.919392068262482,4.833337845045802,3.5864007169852634,6.643956837544225,1.7682175442875558,-2.5331395305760758,4.844246260924202,-3.56750748913488,-3.212387306174147,0.9937980816374578,1.8835324813415304
0.8690901679352421,1.5155583780732982,-3.0875298620548493,-0.042446868471644805,0.6613164672574416,-1.154100011166217,-0.7923267842546543,-0.5321654631449628,-4.380365443728613,4.838655883018218,4.3105066941166665,5.278036275149772,5.956802278060021,3.951978926575218,-1.903321428835883,3.4933889364120883,-4.396247206086817,-1.1288413812515103,-0.8358552308200489,3.664809957223817
1.8195336019737256,0.7602812666343355,-3.882997579504991,-0.4345926090559701,-1.5250191268521003,-3.863641222903259,-0.7191286789443412,0.33124373641633853,-4.408047029277227,3.7785797889200663,4.08008691699517,3.6332745610151767,4.356813835180632,0.16443356981846585,-4.285983399540105,0.7183834904132923,-7.692900895355399,1.052763648954758,0.6689564607047929,3.630017013357096
1.0880018362819794,2.91711771744885,-3.1966277869530604,-0.2554400386534055,1.3417640738403436,-2.92188609736676,-0.7910363137700442,0.38074516599775654,-3.991032801639767,3.0939590624283437,4.576371658683372,4.305574750816883,6.686348017577599,-1.4126409439003227,-3.4120484959553368,14.388619756154945,-4.249599892187131,-4.013088618438653,-0.4410217897514278,2.848720626493099
1.0235169188449604,2.6340202987270613,-3.2542942634930396,0.09576757331879782,-0.41280860760301197,-3.047753326137622,-0.8318231294593765,2.1221707944014514,-4.645139374628021,3.1580308849643806,3.974232633358849,2.296020184834452,6.233199389013526,0.7735580049149335,3.3736991860985786,10.149189355362324,-3.8015749068192948,-0.9817659229044406,-0.9811640389523741,2.166060496154751
1.137480081973375,1.738719574015551,-4.423203704953954,-0.5428641638633279,3.9335066503870086,-2.5553766833318394,-0.8583583432601116,-0.7917472923471391,-4.2003888676665495,2.5294623188287586,3.9503924853649117,4.115428179384797,5.085811042481012,0.5486407411483206,-3.6457039095331423,5.617983223948686,-7.7351469498562215,-40.79418980102806,-1.051110749397994,1.873109221786951
0.914370844241632,1.2147062408813007,-4.990277751936137,-0.12982538592638732,-1.4175920492385354,-2.156405267670614,-0.7413129932606854,-1.1196375907660696,-4.735640365960412,3.214717834680806,4.53194550893267,6.0315382646877,4.466041504256634,1.3167878387519536,-7.19829070244081,1.9044742156766725,-9.787000261586988,-2.0829752314273886,-1.4039240753409286,2.4136934635562755
0.7053997889623539,1.9950660032153051,-0.8019688303899897,-0.4405375032573984,-5.84610148462154,-2.978589524886692,-0.7752070174473097,2.457970432212156,-3.225812805491419,4.257288639410968,4.57729368663851,5.399659824857858,5.727958578754368,0.5306443246172269,-0.24845643102037895,4.624508510165541,0.11746100614944,0.09090011718626934,-0.03837881032908723,3.74886611114156
1.781027729085295,0.8463529703051639,-1.6271951902904092,-0.5275352157753088,-0.5114276915704232,-2.522003959630004,-0.8722279560115322,1.6095469547047925,-4.670146840379242,3.9097332526679898,3.945706594822129,4.372626137339265,4.266394195649325,0.1933189564194268,-0.9178950271941234,0.7415174504767874,-1.572114506799679,1.3024566786512173,0.09125493681125997,3.541723722884946
1.8707052531883954,2.583863893528952,-2.4856226231943657,0.20130322747033746,0.8012743049163193,-3.2926929887946144,-0.7612255349845678,1.2931805406169974,-3.626577672413415,1.678231982431233,4.65499760550821,6.2451470704256025,7.185842175094619,0.07504864958438329,0.8067292267603203,10.13075897826528,-1.617129539656959,-3.6901525009645124,0.3467185670039184,0.31319615486404695
1.7786445221743663,1.487493553850243,-3.604730926848389,-0.5215867533037128,-0.6710516680053501,-4.920777737016104,-0.8477426075010853,-0.08336374269372637,-4.6292795060722165,3.7553566328442045,4.077956080795145,6.576316298218725,6.99265159902804,-0.12746712610876204,-2.7270299834805805,3.430825869015821,-6.177019028525856,-1.0974186460918496,-2.3426370080759633,3.936705066375382
1.5096142428597383,0.9937671478337302,-2.7577170900080112,-0.493394968931,-7.092841412758113,-2.364891789607847,-0.693174860439818,0.10522366306155262,-6.071274324501673,5.253451533716508,4.088572181982957,1.7864983853101646,4.921596865691197,0.9736402189653783,-2.59695381859944,2.1747535518250825,-3.1214652643137146,-0.4684363496864213,0.7991580450543032,5.9628261945914405
0.603476383876015,3.0209147100146554,-4.2755491823412335,0.09419124137283108,-2.327046482711771,-2.917826999404075,-0.8487803045819553,0.1610349072701458,-4.281763653222226,3.754214132725424,4.033010396923014,7.707635980546211,6.122730935924962,-0.08257663480560673,-3.5232459075951175,17.88020833496429,-10.5540669718833,-2.472048543349323,0.5648841957777283,3.1133799416023162
0.976455695375315,3.598750657699804,-4.44989417429733,0.18031776762173424,1.01093352418028,-4.357125430907294,-0.8060052815022667,0.7992506934533465,-2.9908473781183615,2.7522610693048906,3.9470479830552527,5.025434541986481,5.702293878527352,-1.7126740849093145,-3.2053972106550646,26.526015075076973,-8.315750475511459,-2.1356498727971154,0.22690661606316923,4.117195398256714
0.9510038825941338,2.6027800985555922,-1.8618348670283382,0.10119042333551798,1.0191604790854503,-1.4485159464392077,-0.8474939068095851,0.2702506692281459,-4.359838875563683,5.098810275691294,4.736796462883451,3.658027048205018,5.218353848975279,1.0155523379285407,-0.8159273881371929,9.932129239863613,-1.4172245031740252,-2.0014049437862704,3.417601260459744,4.299103399076449
1.6915759932325716,3.518751639899008,-2.4737063683612504,0.007474080025105745,-0.7437490806904233,-1.5990925440344088,-0.8271101930636875,0.03652243221732965,-4.128249963662482,2.3838736699979313,4.5042220434132885,4.370760907049152,5.641647722552143,0.21229807990399852,-0.30309210875294323,26.15637909794106,-1.3533576774844744,-0.6122422710912427,-0.9586678048958844,0.47112149168925166
1.9340275200999775,1.4422251731427123,-1.6549766419662768,0.15856416231779624,-2.212117161226573,-3.4157636869244308,-0.8776863537244648,0.7421132083925601,-4.517546784053498,3.408884056336529,4.127445706486527,5.280650584691068,5.125118568340227,5.864166049948871,-1.0428284202369122,2.236471744093459,-2.236754022493609,1.6188634430687283,0.8946737141174906,4.399508516408119
1.3290353971999025,1.6015686849715203,-2.9345595972528717,-0.12784683450711298,1.333753195298433,-3.3633659472191115,-0.7378683812749931,0.9834136762782899,-4.3482238431310885,3.6333842212482987,4.307311722163487,4.497729345288136,5.957325076653732,0.5440913771524077,1.0101776062805992,4.2746101747165755,-2.4944497695083783,-3.0135182409645607,1.2277226478784333,3.8156396681026186
1.246385161138291,0.45618112588105264,-2.418738348185979,-0.5743852250032943,-5.566284098203275,-1.3268411135042493,-0.6856385985669686,-0.30796822282017344,-4.614349219134004,2.848511463027897,4.794885987639319,5.2548305104785085,5.92005061051976,0.7114980185253874,-2.074887524746265,3.3165130854707647,-2.1820752010242037,0.24252620829571886,-1.1788453178799017,1.855058986194037
1.914848350164353,-0.22194054054766021,-4.056616347026134,-0.1304612521318902,2.4987054310053356,-3.13704473934819,-0.7031422470591517,0.44603663258069015,-4.007769568562338,3.5041499013841646,4.932028629679173,7.597415551415173,6.064635041481834,0.895864880898936,-2.8684576326798674,2.544028873840785,-6.734146895628037,-8.178007596611424,0.02025051644688386,1.181594884730424
0.521137654106922,1.2932917849707397,-0.22477625870132867,-0.3522632542376619,0.18789912115701146,-2.092957262619495,-0.7372756428321706,0.2991667516318004,-4.388516189398077,3.0664287181838525,4.304205204545079,5.2058859825274215,4.863682236392276,0.21455850605547652,0.0005209444675262909,3.0589369041634864,-0.33246920583357964,-0.5824867070094313,0.13097400787460747,2.4118562146988363
1.3472967815768349,1.7526047042166728,-3.9672556246617376,-0.1333621968975735,-0.08445865451766454,-2.2240582972387672,-0.7013124300767852,0.9103969051266589,-4.688638824984095,4.201752562109231,4.197335095031608,4.121798029661328,4.836568559410247,0.6692735269646166,-3.0930254462738525,5.654992508573625,-4.038481601933037,-1.4432155005056555,-0.22474033567531482,3.0601317108630233
1.350528409318853,-0.5913032772575595,-3.061416041453808,-0.11277486160195227,-3.2351348142801477,-3.9284788046998584,-0.7257140513811523,0.23942971973545224,-4.250548477614523,3.62273065494534,5.002316171802333,6.879974166868679,5.219857135436253,-0.9644137591140833,-2.2036805451958625,-1.3279206025989743,-3.527544875896657,0.00037480949238095744,3.021550779420447,3.21471702784249
1.4633482193100038,2.4668509666826424,-0.9509576534577411,-0.32222594236571067,-0.5875355229909033,-3.717060566808719,-0.8851276098264358,0.7958879684634694,-4.564896405679249,3.3614575818822856,4.100520220489322,4.4172273411191645,4.603932820556041,1.6165047937555816,-0.30257380227994246,9.103156115153611,-0.48168342622313326,-0.47367959323122105,0.6162729033098666,2.7887565432765182
1.851433865640987,0.5325744500276582,-5.5169110867160605,-0.09150898150055897,-2.1309374544794175,-0.7094535589766766,-0.7753775990509927,0.7081418509870849,-3.3255323248165425,3.6033891562591194,4.089437222872529,5.326628483040404,4.754124071280219,0.2904200949651644,-2.3668092202868563,1.7595813273857261,-12.226472540249997,0.7106637875901697,0.8671829590340957,9.137091565118197
1.4333142421645582,1.1743970331216904,-5.130613689263638,-0.4261996635962861,-2.0161418713405013,-4.154057536472288,-0.709608215836622,-0.246006791377002,-4.268768479025376,3.7481534945805763,4.303586974751996,1.656693627284871,5.8934869905374505,0.8262501400912113,-3.763109021153217,2.7306322600242616,-10.989234449327446,-0.5362131907369789,0.540518294484347,3.9424796470692223
1.0389963783599323,2.2894902809579234,-5.192083580011333,0.1873914040030903,0.4493446038862836,-3.1421421130163045,-0.7497188852317249,1.4720629982043807,-5.227548017668921,3.8583145172912414,4.425776965827083,3.1321969823753957,4.558317419509332,0.6335288081755225,-3.3851138410065045,7.979580120824485,-11.365932834880384,-1.2742879745876101,0.1287278843020639,2.678108933663716
1.7203459721486143,0.5638273109530962,-3.382228349316357,-0.3717267768750474,-3.9215292049347417,-5.885951518247337,-0.8782401962698738,0.6080991397138422,-4.862453396671547,4.688714439312248,4.3704314824339,5.60800689448613,5.61776121789538,1.0128926084928223,-3.6503848079837535,0.9034101398864935,-5.021786329246586,-1.4748874361782263,-0.5185643071882755,2.846141119487348
1.7537640299449937,3.305487299717462,-1.8179276424418944,0.058965773620284656,-1.0503050730780663,-1.8124605768336775,-0.7407986638282015,0.2139247021595243,-4.559617205404644,2.2911968867773878,5.02588727859257,6.908758422199298,5.834518255526634,2.4773072888028613,-2.4923297773938144,20.43685920026809,-3.1023435611509043,-0.9609956919849981,1.3968531282348537,1.579057064516908
1.2340406371778339,1.1203026389396846,-4.650973134238246,0.16500765964252495,1.977497684703447,-4.241188883418899,-0.7276859636042693,1.7150042443641822,-3.8906903608983687,5.805579735165762,4.5396021452254,0.3000424670782973,4.959100477959692,0.11965807253474292,-3.614405937896964,1.568033411925804,-9.024082774892394,-8.446613658654629,0.22766608650990203,5.815172026745489
1.6296816683590944,1.9419019695680724,-2.782099026487987,-0.1516139951694883,-2.0562531732242784,-2.8757634594772794,-0.6866524423928496,0.7465207717428992,-4.720465422156053,4.775223165583129,4.037497863657516,3.8125853529873663,5.192699037104824,-1.951482437512007,-2.57153823723077,7.081018025963834,-1.4623492536450473,1.2964560652558388,-2.504408069834108,4.043436895390217
0.9973821134183228,-0.6975819621204984,-1.7128338542661485,0.037161877192423365,1.211707741573433,-4.562267087831295,-0.7781921947953716,2.2187653725364105,-4.626938459570762,3.555610004689219,3.9638970807726523,5.831204617131495,6.13499265037345,-0.9929295901110378,-3.323149864815108,1.0373048920336798,-1.8502842776394153,-7.37505442528489,-0.03195174291878984,2.4407202935066694
0.5430933417354278,1.8649297762646428,-3.7522920325931617,-0.19901158681111447,0.1677335623252202,-2.1454665783777176,-0.7166129683924378,0.4444437228654179,-4.45921394186425,4.440165194464503,4.5383122898276955,2.7712367185553872,5.172500231583375,-0.21198978636481558,-1.7535679653896707,6.763020622119846,-6.823360097586674,-3.6811781063849267,0.08159038231493829,6.617402974074887
1.9238182078423787,-0.3885181118463863,-3.6511262391459045,-0.4874871906643551,1.0256992338043396,-0.7806626890061437,-0.7607994130501492,1.901032302893639,-5.0564113989186925,4.032506007132364,4.5127531375820435,5.607350350705928,4.918904252137517,-2.2192503133089563,-2.8014335051796566,-1.523029165118186,-5.163997011834318,-1.3765536330339985,-1.6454030345442356,-2.225673429679391
1.1927161592792275,0.6516609633509802,-6.240679913206209,-0.50351063783017,1.815297047132022,-0.39360232577885634,-0.8806335836684934,-0.6309769281718975,-2.873894718029817,4.1221001348646595,4.0116563575022735,2.4936523450746186,5.50193807052964,0.49472137720197107,-7.501886562739509,3.857728085773003,-14.58869961751483,-4.138411439371757,1.4633242647813702,3.8731555568475198
1.4536319952082164,1.9410130367662517,-1.7794338735964137,0.06482914617578439,-4.398410057271233,-2.1901543873513676,-0.7444649006239706,0.3103344316188348,-3.0443639840896113,4.680879547530735,3.8769277108908335,-2.572065876316598,5.306278721995033,0.01078362022570345,-3.208168274969161,3.9052923652723033,1.0263149623190884,-0.9122498428087628,0.5483907655293481,2.9884760663703016
0.9675015280594346,1.2347896188803686,-2.795845479718659,0.06980050751807931,-0.41685675479138484,-4.065728015138138,-0.8625505219549012,0.9545922600221051,-4.374177373996828,2.9855162745469532,4.876360309045692,1.635817174397939,5.063212334965557,0.15060104482393138,-0.6690205840940262,2.6513583327012253,-1.672211418048194,-0.4052206879660283,-1.5068885139422663,2.6129938870469824
1.7327703262119265,-0.4285291252110881,-2.671836122403846,0.20234936371242163,-0.9734168225684794,-0.21608023302779067,-0.7318067877056033,-0.8595858317064242,-4.812415981660342,3.023999228531051,4.06521703163239,3.230428946614706,6.132938769921911,-2.9510648403148587,-2.3936557045041638,1.5976047464481957,-1.7057381078026381,-0.019282316003233574,-3.707901659461551,3.7275759103288975
0.5480787858265718,1.559854896218491,-2.1269818471220128,-0.5765453491144743,0.06961772811900713,-3.190692728896363,-0.7138969284114909,0.3839941577644377,-5.9882086837781525,4.6154749677542455,4.4068490721577085,4.836677814492408,5.900095809938159,-0.39967543720743776,-3.0712073958998,5.0800449995397,-3.3992862414020064,-1.0702200632095058,-0.9081318597507481,4.034465202295851
0.5376055365684942,2.8587580993880444,-3.1926288823386595,-0.2129580374283087,-0.7279297542780249,-3.992928495855839,-0.772213674093878,-0.11023704989504557,-4.623900236204611,4.203376535683925,3.994879042776724,5.599104002113827,4.697940878123367,0.795559608929694,-0.8551634274753284,12.482553161900542,-7.077268041118274,-0.45356825704853754,2.0670011897966094,4.303040034770361
1.9483028768219228,1.9082746790217602,-1.2352483643612198,-0.46391071774346,2.9325663498562475,-2.656504554085038,-0.7391754500314219,-0.30207938918855437,-4.540689047836562,3.3009473551448822,4.105979334856566,4.753695021398294,6.738097053723923,0.9913791478590861,-3.627285548232325,4.724577879082883,-0.26612462832531514,-14.798977816704884,1.2936659859849418,3.28335484079024
1.9456871250791654,-0.2033060019452244,-4.641566681134264,-0.20914845052149456,1.3159639117610922,-3.1067714434291664,-0.7498842193755818,0.7240057534433735,-2.8765487489727875,2.1971029335052963,4.922705545676771,2.089513680879314,5.8491841230395165,0.12905725043502297,-2.3779087893511766,0.4634449882603563,-8.525525224732123,-3.538041571145955,0.917040978514784,3.861669104623944
1.8929610467292517,0.39823004096574277,-1.9280698758509849,0.036533597072026414,1.019933173944483,-1.5180675461378736,-0.7788375649639898,0.5031138005487186,-4.667250698047294,3.698987964364909,4.014880525623486,7.735558220344627,4.685793845971084,0.07173695308019579,-3.816593367574706,1.3697000049828323,-1.6562829225610836,-3.960411588530982,0.29039313685541973,1.8357785618035851
1.9432801609081358,0.870031920654394,-2.620024159493997,-0.2813086551717045,-0.7717819596011974,-2.678038800125313,-0.8645940948765395,1.8106200459012003,-4.972216250058356,2.7774004197685627,3.907320553951719,5.832256611993975,6.056260602413419,-0.045756639556289946,-0.8029341667346435,1.4115435681030748,-2.3243096386368833,0.8619518665875827,-0.9359462412440945,1.847112481573002
1.9324060237859353,-0.032108118799515806,-3.9952240758635496,-0.06954496839416868,-0.47878072658090953,-3.472093318856551,-0.7627833559273796,1.1082891293224315,-5.673532827309361,4.534694559173027,4.460317193242201,6.129789647917211,5.181456980697305,1.940497207901117,0.6728436346976552,0.2790797132412013,-6.414982182844384,-0.8853601340014243,-0.3560522125126233,4.13637342986153
1.1703212785632073,2.5159499690039935,-2.397759994547409,-0.07743435257105458,-1.7990575853569013,-0.6285804450646442,-0.7800625469646706,0.5023126663756907,-5.038252976174321,3.163191733880368,3.8471748062055546,8.441818821784523,5.785007567322431,0.023525544086674954,0.22376181848130972,7.962679218073232,-2.494837299259344,-1.7140581353670272,-2.0520607920548826,2.9961746600038754
0.5902069691907676,0.45933035145823753,-2.0067764469544622,-0.4866241821803083,1.9497331582361994,-2.8247663870110933,-0.8868104106723618,1.059137941026175,-4.744667474927711,3.2463902982424235,3.862300684451521,0.03914847625889628,4.769947267561971,0.14656672888003286,-1.2087079155955784,-0.10225269671765402,-2.9631679365004002,-6.549799433844156,0.9155819514767987,2.713179918886682
0.9349567851596557,1.976762843716037,-3.5573041036710484,-0.09396458185127032,-1.5487948450348976,-2.307274069317983,-0.8276168656205434,0.5526960358816015,-4.485056726371239,3.6384643604195452,4.277494502370296,5.912245219949132,6.1862586322418815,0.7617591127743802,-1.5115569935688902,5.353467464920755,-5.5101394367531435,-0.6406968517146872,-0.12181258620704238,0.6025264157295607
1.6979519154735323,1.8840648885515103,-4.885716658003473,-0.10596826064227027,-0.2428267015998835,-3.1844146031990603,-0.8170239809595529,0.7971662415728333,-4.031875384366409,3.255902615895801,4.772988580196364,5.715766365671927,7.865122588572258,2.7501280121906424,-3.489793571583442,4.432402180155735,-10.52968065177441,-0.8356111961786288,2.5864395610269724,4.985534627944915
1.196507958250511,1.1251380881543347,-4.7489097481920455,0.038924548141405335,0.7068066283854648,-1.9088778951601597,-0.778278030468808,0.0647193941833919,-3.0737577913052045,3.0015350639999623,4.153750553530584,5.40137104885495,5.936271770187892,0.8870664640901917,-3.710147913441297,5.097247423276198,-7.889037504947512,-3.477254096783592,-0.7902957711831946,0.9517733575016689
0.7675796289770245,1.4495794876500112,-3.7254263324569443,-0.31099339871737797,-1.0163091034273053,-3.2141836502687964,-0.7187148499140993,1.5407367191196482,-3.4993253384445,4.2649740367907825,4.184621667791047,2.789442137894203,5.448531835415364,1.229302815462396,-3.115315799435373,3.9389430065194913,-6.4273871801905225,0.2970716076980488,0.23721434448600165,-2.439903690521022
1.8506916279620447,2.3258473467160545,-2.949016350844861,-0.575072295499402,-3.3499060957862965,-5.264847707035196,-0.8788026546311879,2.375026999790748,-4.756547126572146,3.720973779000605,3.9254932739382586,4.781927579002281,5.874364080467582,1.262168024658008,-0.16004337079450126,7.2928713327740695,-2.163979607304313,-0.10785633082699247,-0.18236594762533817,4.302916071559492
1.2244157108646077,2.1250576717028045,-1.5685052776188397,-0.39810403780570325,2.417699400349626,-2.903170293088936,-0.8077976444182272,0.3019699954832362,-6.34131800881476,5.009519261548483,4.415843408480919,1.7871875524786471,4.599998902476807,0.011430273243504763,-1.3334150512735408,4.635851532866417,-2.3309539463767965,-10.196324728287907,-0.9825493929507065,4.929546223779029
1.2175705200718736,1.8823550791919468,-4.049600921043517,-0.4600064893294461,-0.5602785634042294,-2.0236652572225964,-0.7297172621517696,0.45436691335888724,-5.249361502964412,3.8438304196988335,4.450671096001346,5.001704255639901,6.157279882339186,-1.8419294551312801,-3.2802796951849076,3.9876991363014156,-6.238731240273483,-0.7914354050214776,4.549338990380252,2.064088640472895
0.8757986534850888,2.9222693693093063,-3.6495868795767454,0.15436709047863462,-0.8015855487605975,-4.759601020434214,-0.7354011745750609,0.9302250059383588,-4.371081638300124,4.041676541170691,4.075304923701029,3.5868027127363824,5.983988099093565,0.3467712849107561,-2.8276294155485178,12.915013898517987,-4.506469571169175,-0.04901448813686182,0.13510322507682299,6.049184937142985
0.704850299003378,0.42291354777201806,-3.733057407993843,-0.2963370255876381,0.8004496511617327,-2.741553351181187,-0.7497867541719693,1.3538806111626496,-4.916403988786411,1.8544156574638047,4.296424543161564,6.002512008859804,6.087707372176015,1.67556701153675,-2.2983417776200805,2.8931396407057677,-4.817568818298194,-1.4735913288736682,-0.2704816004323734,1.6471449784767849
0.9648716588174118,1.1140980263445681,-1.6341705712737595,0.003032114819387588,-4.255151196838435,-0.9256560594207752,-0.8760699313969323,0.8162385320639436,-4.2918252407247035,3.534607879089332,4.60255186305237,4.168037470121351,5.224497230317367,-1.6717452547167506,0.8219640017621541,2.1636340399230876,-1.5340560697547665,0.4854963705840994,0.27715283960169707,3.855646871517251
0.8081431943498054,1.9205226640549966,-5.2783599348432455,-0.2892494353092056,2.6638750867611205,-2.0472194497756995,-0.6855857688004932,-0.9198660627410437,-4.300858153200077,2.893129319741898,4.084541540258623,8.612777083776887,5.790223284070443,1.7205243472411254,-4.502359120632662,4.475997853962732,-10.705272673704934,-11.377008902190681,0.25160214591151114,3.0989364040250793
1.6553072147835337,1.9930837476445897,-4.0548058246217344,0.10835998945869507,-1.2808407843791232,-3.985900573842801,-0.8048201629639757,1.5272906186956963,-4.172024493769452,5.695110729946759,4.0716096509479875,2.213384547607241,6.481118269035747,-1.3322855656145451,-2.8163583834466346,6.815448459957721,-5.444150334755639,0.6326548742166114,-0.1989921674517137,4.483054267958193
0.9393288274625613,2.509798313656069,-5.033256683716491,-0.33246845959055826,0.06960385497209842,-0.13111621328895762,-0.6935908933392042,-0.2103222514777825,-4.386588580239026,5.644055894353026,4.5037932230136954,1.4901075619971174,5.242622950325037,1.3248655773653804,-4.19232090854659,11.796756706364144,-10.55750980579705,-1.5017274934965115,-1.4290630096949877,6.062016839049517
0.6155820604365289,-0.39124947341947536,-5.042036584701156,-0.08269715978362857,-4.744333630733023,-2.371715410071449,-0.7596825913055473,2.043738386947135,-3.283044212584541,4.538782697509077,4.270054716933113,6.0290218562204885,5.544157722982023,0.2478766790840915,-7.573151374729885,0.5446970620887412,-9.890334368408887,-0.8969548301602747,-2.8634802199061884,2.241140152993248
1.6460054252960667,2.6789105862767943,-1.0099815098691716,-0.27096570701043327,0.9579747043435307,-1.5197517693965468,-0.8390867608091241,0.571510933116901,-4.856022172762961,2.9111023600159167,4.441605147910506,4.599403001266582,5.49364272680199,1.3431540175391201,-1.6500538741981554,9.880495307180752,0.30866604789008467,-2.2119841238289903,0.1324773157391245,2.9677508858851422
1.0064589213439414,1.7328441468729916,-1.5939825714523133,-0.13211295405700896,-2.3509891378274808,-2.2506159374706893,-0.8491332567838767,0.7006270105758519,-4.501985881678293,2.639191096222377,4.080101101342743,5.5967625840911746,6.4339952076738935,0.945750981082518,-1.1488312382619439,3.9193166928000256,0.026100312299691675,0.650592229337984,1.282756101014641,2.5267643993474627
0.6299202798678281,2.1199934180304125,-3.3856608749262467,-0.48197036195332843,0.8174049594102786,-3.6387364951168943,-0.712421355447588,0.5922423319430885,-4.584596327056285,2.0866350297443708,3.8171929683218564,4.464912217204068,5.163033981066024,1.0647104645556718,-2.6425717366272483,7.867001892320594,-5.068159639938599,-4.009810449048423,-0.6392684515386329,1.3716003827448815
0.5348429505900414,3.04188769132902,-3.4795719951443007,0.08517567707877327,0.6705246774365472,-3.9647204197240122,-0.7303207006492431,-0.8946579114727458,-5.082260982528094,4.238546246996688,4.181529407378051,6.202155581190885,4.994050205866483,0.9309778310097844,-3.6241255532210035,17.09787873085074,-5.92435785802054,-1.3200977243381609,-0.2766620566119248,4.267167179767066
0.670500754058833,0.6356787489869006,-2.582009656836871,-0.12345599638574928,0.7147267883975545,-3.1306098151638437,-0.813208895149244,0.24987829962591568,-5.284657407583487,3.946903988118918,4.33602962864276,5.5330021539472325,5.50833009211985,1.3369807420810333,-2.499079530378303,2.7316263457732273,-2.3618338222877715,-5.5584417473464915,0.5392982383344906,3.64037344430454
0.9822196116925005,1.292316298107274,-4.350422252224979,0.11432132828646702,2.2604546240197294,-1.1786105599622776,-0.7405963950853022,2.289885768396628,-4.741032194328346,2.000549420161528,4.579893833955023,4.950037626737447,7.025196150712983,0.7142316243164822,-4.3187857817150315,2.558826649274248,-7.729328015845733,-6.897608877773235,0.17513448268511336,1.4192864149371869
0.8735432350007037,1.0376321741788264,-3.8160127955701513,-0.37362910994517495,-0.41026802862701073,-3.5816801631875546,-0.7949020567607801,1.3155608501152725,-1.8758702749973257,2.980317774023743,4.276560223887575,5.290662766193332,5.713668255714329,-0.09640587373510451,-2.2752797204617083,2.783446361940012,-6.148141614001494,-1.1754999705170759,0.14131380788325065,2.597875065464885
1.1035750346085358,2.226335384697948,-2.3532876888483667,-0.29843492730012666,-0.2663239207748232,-1.0199208118561294,-0.8373950788761463,1.504574938099938,-4.163340531476577,4.224998013310253,4.163382996383915,5.719384237503556,5.2155134547722195,0.4307348312545723,-0.6447366546018909,7.498017969336689,-2.4791237684849357,0.20307224459256745,-0.13698821966113817,5.555852842927032
1.1189888401375532,3.2812665866391377,-2.0698120422794384,0.17968653196928386,-2.973409021932121,-2.827368546828811,-0.7807827515095619,1.9752493551248143,-6.283483734487548,4.713818210832796,4.548244611124555,4.203541307927079,5.370619271705739,4.45097054326561,-1.3084573329263673,20.166151925703137,-2.489920205260664,-0.7863870842080272,1.1181803150307645,3.92077432129782
1.7759498145564097,2.7638710901963846,-1.6986623652435127,-0.5260326175865124,2.2489606160622446,-2.2162996477464936,-0.7773714541505102,-0.21487309949245004,-4.109755658857459,3.59505543103175,4.408149908120215,3.227954825958962,4.645878682584534,1.4245193973525136,-2.03151741929702,11.272068866341106,-2.4761929357384673,-7.962379003337339,-1.8787659381902444,-0.9028619394735755
1.6282984026512166,0.5475298635599919,-3.2743533977278254,0.06674966070381605,-1.0565608958564168,-3.901251960803039,-0.7213084910938484,0.39563129464992164,-4.297225645018019,3.805874776660919,4.297059847831772,4.103803512179395,5.4660682793327515,-0.685881254096601,-2.4789367446777,-1.3868891577721647,-6.263777082976397,1.8244048077107233,3.173484849736267,3.119100892677872
0.9631093895406952,2.7078252985733906,-2.6766858969599823,-0.34886351617834144,-0.6062011425538737,-2.9014750622987417,-0.7641706032002464,1.4341448481649879,-4.441308808582966,3.4942757278392214,4.429211586902424,12.553710467907457,5.531729942147022,1.0754586156263102,-2.479867323354588,11.051046693463213,-2.8134806043691563,0.30706076043559344,-0.1004242939850523,3.0312003037667337
1.4748729095230562,0.8726981374615681,-3.752832931788631,-0.47154764579116076,3.0496992813636625,-0.8661853257448844,-0.7706715526960174,1.6720707345182095,-4.009445113625028,3.7411000822105462,5.0871139943952794,2.8627225371639073,4.592316227194349,-1.090649507630735,-3.203500788669596,1.0756405042381116,-6.448981087251806,-14.297504507277733,-0.20102937430526685,2.3207251940055555
1.4881601879700657,4.243573345624057,-2.06296863609475,0.09541602405179817,-0.514842474184847,-0.9343881632179094,-0.7036643605949565,0.6881957919752757,-4.103608756590737,3.503166382948522,4.239190352118875,3.1987105123493604,4.978382361957704,0.41559780977061,-2.8519389080342843,53.59063412746745,0.9903563048112989,1.608058406847448,-1.249031777700208,1.480956144207404
1.3690367317942482,2.5701414049649163,-5.06937974925148,-0.2689518887841356,2.1707648576172844,-4.803413975134113,-0.8382087872931216,-0.07298743986805167,-2.7148829159110166,3.9281033711391897,4.119243204467506,5.112937196042405,5.02459478494534,1.2786009905945952,-3.142414412545822,9.917245240168786,-9.79506179093426,-6.5107510794822225,1.001723792802674,6.615684788890932
1.715623956452964,0.8234278646663412,-2.841789191405079,-0.2206900167476344,-1.846816620242135,-1.849792494108205,-0.73756508778805,0.19970764690345622,-3.995938342026214,4.5638196928785835,4.188046415890391,4.640124368501029,5.337801368689095,0.036531405737809275,-2.2022485191243244,1.6623197185337966,-2.7839210413110296,0.18041563288682663,2.5540682354648583,2.2817698042319288
1.2171337582792376,2.254826816379592,-2.6787518932596965,-0.5724700295068065,-4.076642297387954,-2.5957335304066977,-0.7187607058633549,0.1203322046108124,-4.738407200346874,3.8127496006442008,3.951732371395892,5.493332695898163,5.092739334854577,0.8534901250027783,-0.35202302152204723,7.194087661031177,-4.161930758465335,1.7956600343112168,-2.231694719552434,2.6105138937149204
0.9634764007297005,2.804873478329155,-2.073854924683706,0.018183688515276075,-0.47736710332314414,-2.6222531187546294,-0.7214608262050967,0.3077030209211582,-4.569963924142953,3.537631935841712,4.1961517656140686,6.673150696561548,4.795893987394862,-0.6075800624846444,-2.244629943747079,13.498947035800908,-2.822629300466553,1.865446926991492,1.9563380278779365,3.9236294158431777
1.6969062082209874,-0.9547939925438085,-1.5323779914689861,-0.09294116765234717,-1.3220342562651548,-2.442701686130296,-0.7628431997916363,1.8482201314250983,-5.785198384270943,6.778012493537473,4.3600736171318415,4.784021550639262,5.553747742653239,0.4537255289589155,0.27221088774097546,2.3394613047113406,0.6048560490396591,-0.9937929238968685,0.5266998364554059,4.29767372271616
1.3450478936743857,1.6994671904393543,-3.7840899194519153,-0.35517659346971187,2.077281213423545,-3.514457021587688,-0.8089986965925857,-0.5600133352375486,-5.325206064474939,3.8643430466545876,4.424758804696696,4.382725725004978,5.920420596062289,0.6123472166759205,-2.4162188429860447,3.883501134667296,-6.349801866600657,-6.932375188002389,-0.062272737930422706,3.5168623622765405
1.5096413829831374,0.7355388020253196,-2.44805877511321,-0.3987739238735113,-8.684714273716358,-2.2320095861851548,-0.887132078325158,3.852863162230595,-4.8724096849468,4.117252964736545,4.53214381418427,9.035863892267727,4.744369234559965,1.5498242410586336,-0.9712035922128308,1.411926414702787,-1.1403230363671475,1.444412885412583,0.5179575591074538,3.7454736196233314
1.1618177283454945,1.9750696617040284,-3.467861611805113,-0.16734610450565712,-2.5684477906260597,-2.3941196158603435,-0.7696726469336551,-0.36273131168085027,-4.165833546440099,3.3734011376050264,4.068199582336127,4.226033480636055,4.495575675242701,-0.2833955663080482,-5.584962493889581,6.248243636745807,-4.028016752353563,-2.8953122446025272,0.09439376934603015,2.7634383769479047
0.5717142233681475,3.3900143217316563,-2.6227979499340526,-0.31584557318218687,-4.828537032265822,-2.8425699813824847,-0.7095568060335757,-0.635307107739152,-4.2755862277601615,5.094978358184107,4.367990141118221,3.725609515397971,6.180677134490021,1.5052794162755325,-2.173657327037744,22.85574275315612,-3.1848947898627373,0.14090284100875156,0.047259337093545226,4.030468300822752
0.912684922973825,0.9377849809804671,-3.2841446375082164,0.19061464059627997,3.4149522380091217,-1.7710530315180206,-0.861907548710329,1.1444027138035233,-4.566445144347936,5.135687116959965,4.222276342824428,4.698720247660634,6.091761769036477,-0.30959399131494286,-3.0547329309062974,1.0508199263551217,-3.5698141209080854,-25.043060762151566,0.40728163741487183,4.002390578621242
1.4394989957072086,-0.017034683139928175,-5.532801725693695,-0.4014516594239128,-0.14527913332267745,-2.8373049664364878,-0.8053468554858427,-0.12902171386161854,-4.351098522661163,2.8287301392297235,5.118009913731047,0.5577318606454709,6.432124811893329,1.4941131206779332,-3.5998198145452838,-1.2910561113050016,-12.72451744634269,-1.1649846698124828,2.4909402765819224,0.46096215222607584
1.2665370068569959,0.6795141046024668,-4.130422520804161,-0.4605034383911968,-1.0417989567745471,-2.015677683955975,-0.8201172645434079,-0.42400251889106233,-4.165517097659939,4.78161880412978,4.442675233753086,2.8541270001641257,5.015550393244976,-0.5914800984433564,-3.8694370456808844,2.5103418289972645,-7.998928393197231,-1.4401976873130173,-2.303440349571823,1.4616818046824953
0.9832378501476974,-0.08260132109903529,-3.9381793440154516,-0.20545203586446975,3.1014467409660402,-0.9788201628774595,-0.7806550223756472,0.339840532880628,-4.208517745965597,4.838918651876959,4.5767299347809205,4.515963582445082,5.011633068705389,-0.43987808236475767,-2.939485354868056,1.8740255656791138,-4.240171554025055,-17.893138692527156,-0.3633260840108028,3.2706432265536973
1.4848084279135407,1.9603916146387947,-4.62747274868581,-0.3728948059810615,-0.35390273775377146,-4.0224021101409475,-0.7443367650123016,1.4274402558505561,-4.7762578902975825,4.694990710108068,3.957460339910905,1.4051711516245553,5.056309732612601,3.01004936762903,-4.059302721664574,4.131274077069641,-9.221809920707022,-1.2984326479773143,0.8361395132938414,1.1797272281944058
0.5524019262464855,0.3771258293218238,-1.0273731813792324,-0.4376937229107203,-1.707448363407937,-1.207054008791691,-0.7228363364760296,1.249565885701958,-4.1330444910084,4.716701393274713,4.5303819582823674,5.304925016259611,5.458006723798514,0.689824860440722,2.325420699586513,0.5031506460566595,-0.24583974610622328,-0.45479016434513103,-1.7406136974549447,3.931970201067067
0.7413552674736295,0.896697832646384,-4.046182485102557,-0.4029971217962812,3.178489175957617,-3.1777252581747777,-0.7366255033093053,-0.28959043984250943,-3.886332752401929,2.8434000042555625,4.316753707048223,4.679742161155697,5.143472751844954,0.6042139126107742,-2.000548745761604,1.9846360111613688,-5.189639509959013,-18.681992816202467,0.2852363238981259,2.586920215959744
1.014234463318551,0.37117194569517786,0.17765738370002238,0.035642493986279944,-0.0020824687268744535,-0.10889126308136987,-0.7864540449575428,-0.049909954648540644,-3.7363397888727694,5.642728466092016,4.479146743975887,6.5041165887600085,5.049140070588223,0.8364413767961504,2.197545218398664,2.314155215513774,-0.6228718372636334,-0.697166715426716,0.023762460044840672,4.99211824918597
1.1376260297925604,0.314313054425464,-2.747360263741135,-0.12000882557213755,1.3233029294049672,-4.229841756785068,-0.857788600347432,2.3510704729607106,-3.6526732174940895,2.673362662649096,4.2337862132327935,4.077943481382255,6.0473812205735005,1.0585002012866023,-2.8554000753431312,0.6538291426543772,-3.871878258355871,-3.2702420861006933,0.212469383256433,2.7272435578213505
0.569885952486311,0.8096561207191186,-0.8984335959143057,0.10516930554984727,1.6555714759450018,-2.483764166808116,-0.7393424648321589,-0.6975915127096473,-3.7972674686786902,3.5829646258498813,4.021628396357951,6.595989152864389,5.863326398706483,-0.20925976755573727,-2.2024953072870135,0.8753018831839969,-1.6492388684109194,-4.871132628333353,-1.8771688863190439,3.008545819100416
1.3475336932245572,1.6229535523670848,-3.072468062148813,0.03844920013471731,-1.2093686807254942,-2.2994121038928332,-0.8715583939462186,0.13312239230398615,-4.429653218498877,4.417291723103329,4.2000817067505025,4.723933920966081,5.199303601810554,1.8870314283585146,-2.700667285198131,3.410179074835788,-2.2910576458742824,-0.4533376764174766,-1.5457989616268148,4.118953425238019
1.214543644826629,2.962751270965364,-4.683373601617558,-0.6010946521142482,-3.285775357169818,-2.940987244299091,-0.7714060943132097,0.7413410556622082,-5.139381711395933,2.7411961585787727,3.9082338245474375,2.699543723255861,6.075303320040596,1.6894137560448552,-5.447399661082385,13.928939143945563,-9.526551223574888,0.500878200571079,-1.0020670714073958,2.5390050465094576
1.1216006165677945,0.3342149977196829,-3.9319657212808523,0.1820703038501995,-0.6645723326775301,-1.5311876030291334,-0.7804395402567004,0.6880673272443865,-4.556187650188159,4.378110987185391,4.364523420238857,9.221329264527206,5.046478988739661,1.019261759604785,-3.171101334537354,1.9255448909330426,-7.258299534570038,4.0143511726298655,0.38373980279523145,3.4947065489650413
1.6243658009039847,0.19818875979137318,-4.598298180163474,0.19986158106562946,-3.1256482242522114,-2.951518640721789,-0.7532725206987667,-0.6585200714698447,-4.517040982167172,3.280328766411743,4.3460144980568804,4.835580871772934,4.745024302149659,-0.21986372473189006,-2.7761085129038925,-0.5786931291116371,-8.209807868420647,-1.2352247638827396,0.4710600336509073,1.7188515141655558
0.734479381145333,1.6474633735692858,-1.9068046110668835,-0.010853516286896348,0.6008269859073943,-4.554461481386045,-0.822904940630302,-0.05573617733829872,-4.0852025499828635,4.636995777424466,4.266410258909493,5.84438331643983,6.266067446608952,0.6078738251080316,-5.650412710279095,3.2811975887664246,-1.6145679193234337,-2.0011802513476926,0.6858055338335265,2.8694454704002075
1.527985351671934,1.6424461359618852,-5.791352753777108,0.07493020554555108,-2.024354842979283,-2.268240444696252,-0.7995247272931829,-0.11640365829004873,-4.528522628481823,2.9805516904966725,4.4026257636267685,5.09223228979583,7.386340293916074,0.8317649310170603,-4.204066394922233,5.483410279766558,-14.121715755532485,-0.6844858334077201,1.6593476274350163,4.551123544522522
1.4559780845780848,1.2505957904810783,-1.5914149151385422,0.14919181936170345,-0.6327698773249568,-2.833736945754128,-0.8114118035559078,1.707371828932938,-2.7727557447698183,3.8923091552390563,4.191630075323475,4.893263920400718,5.225442625563019,0.7060691255025111,-1.3422416638106207,0.29056901603374286,0.22330518564665103,-2.781334139801534,0.4167512428951895,1.844369334406511
1.6024556069653262,0.9871480253394187,-4.2036679249837565,-0.3683985130832128,-0.18901326490200354,-3.9257553026747343,-0.8806646976109073,1.6950171692509346,-3.979800688381469,3.668445456136064,5.053106041662907,9.38953401456861,4.518317618786381,-3.2675774228240004,-2.6498357280795735,2.8514519785726558,-8.12071343605386,-1.6117922733716497,-3.439298710138037,2.296849407817146
1.6978238641681356,0.5326175183835803,-2.716702392413546,-0.5947699466560487,2.671630366725687,-3.8379256715672367,-0.7495676741836098,0.6897291814211839,-4.3862930314143735,4.107526674354753,4.391645341084921,-1.6199155913391747,7.259121580934825,0.4843169348023422,-2.127998083830555,1.6991778280045835,-2.4102815506605335,-12.076121752648703,-0.27544428124364534,1.1446792674812474
1.5170389791759915,1.1492063785545088,-4.592444600067601,-0.4674680135383735,4.597856777256526,-2.7474638201023924,-0.7126111228598607,1.756648963825583,-3.8116613481120813,2.7166393457497433,4.377063970477336,6.767830568384853,5.226867051703026,0.31152951998182365,-1.6090022040530405,4.371328638766522,-7.897380136011504,-78.85857998091271,2.0365205802013375,2.720767251281421
1.717069209929239,1.9352997217197434,-2.5849625185099527,-0.1731397201817887,-0.29901251620083863,-2.85487977961286,-0.8655656869336819,1.5576163417138527,-5.09816753894169,2.741474771507627,4.230045651742255,4.067375248679583,6.004184184332708,6.8975154001510965,-2.0735343018264802,6.0668573057249064,-3.2856004612066525,-1.287329673539563,0.8466976433117239,2.1135279901591737
1.7953126706138303,1.6270741000902018,-2.15107818732602,-0.23208508891593188,-1.3760719015109997,-1.2622339719910298,-0.8125430321486402,0.09564362227163281,-4.079769262260262,4.338350756949294,4.060826493795752,5.944699659427767,6.02772441819913,2.390808612936709,-2.1499957365105242,3.995193943239968,-1.9943180602199495,-0.4570491435635923,0.10478715283124239,3.8367282464763015
1.0100673082701044,0.3515053874272982,-3.5339967726987065,-0.3576979740332674,-5.106256168366438,-4.364821912431564,-0.8108530483118288,2.1519892449667832,-5.946449031175607,4.095539972844143,4.56971418968519,4.819248773513109,6.034910407511266,0.6230435152854302,-2.1880826895372705,2.0998043205620425,-6.852839534003532,-0.24524348824138717,-0.32143039881728547,3.254368736298693
1.9078183947716123,0.5890234681378377,-3.0046046428408992,-0.01774396533060385,0.7867835637153306,-3.420660875380775,-0.8142454528479242,0.824551756618209,-4.789501631139144,3.2526214798244952,4.08693637114601,-1.169413478676466,5.0684731134228915,0.9244155290531346,-3.204768940586869,1.9263779841451838,-3.3154112873645425,-2.437442959728192,-1.0169196407756482,1.5790196698257937
0.8552009930340632,-2.4200302920280645,-2.3730084673565233,-0.5086311714222673,2.4931345230875026,-4.861101095498661,-0.8135494267311509,-0.1849737320708087,-4.208072275747124,2.8735184938427873,4.312604322253283,5.139721970284302,4.879091647420702,-0.899248922363418,0.6230287686640936,0.3517584572433742,-2.6302697971583733,-8.846292676929648,0.010162596574796012,3.5796563874536584
0.6755285642908396,2.304866967924376,-3.195299303228369,-0.5416121430190723,0.05574511309048136,-1.5584787826343565,-0.7304021986357544,-0.04670674689071008,-4.405480108637124,4.232399001850941,4.476028474263253,5.097535975994136,4.566363465689151,1.2714212121743413,-3.0144872832989944,9.862989779314123,-3.9577645333846627,-0.5431329105458136,-0.3267262127715291,3.838778395789826
1.013956997195958,1.0154648426023472,-2.2042867508468933,-0.31093161038255007,1.7233870718423687,-3.9662985786587353,-0.8533617338801232,1.48069639108013,-3.65505706871473,2.5831554004161035,4.464003513790993,5.8938639830043495,5.085277737593039,2.232610577849371,-2.309754155225094,2.437972952681261,-1.0567876965478502,-6.379314570176904,-0.27191700975512734,1.6133456960169341
0.7301202339187056,1.5766366600082669,-3.320471007657713,-0.5023176171977554,-0.7258590803456242,-2.7001144667614687,-0.7599091680254347,1.6319739060719094,-4.290792647193839,4.592919050164245,4.102620464362292,1.9334805105926764,5.297982605865383,-2.187121987873682,-0.25445034333615535,6.130563418169208,-5.162698288322076,-0.07607849558483115,2.867075278859209,5.591170284079911
0.92080416722937,1.4369136829183837,-3.1514454791982827,-0.2953814404088773,-0.6086410933784736,-1.1125851950422225,-0.8052546858122276,0.8003882930542658,-4.621813170381058,4.380376688321429,4.627576197382085,7.659785177235795,5.037638594910598,2.0490421927879847,-4.478894879259339,3.028764080277944,-6.0033943475191425,1.3456499551072456,1.418885284001326,3.247191123153509
0.8516198870060683,3.2062159931953556,-4.563222891597553,-0.5959529426128759,-3.8587659547951887,-1.9495758471256055,-0.7484576368864113,0.052002390691181954,-4.235005755881731,2.8001512842362573,5.070910764880544,4.444412071529613,5.057936033335442,1.0777054693187733,-4.982364837511289,19.904286035780988,-8.964475174339645,0.07418367446795608,0.5565195211316694,2.2956376509706886
1.9186704148763225,2.405642313843729,-4.834658167005203,-0.6050606600413116,-2.5772981191828697,-1.9647699759363186,-0.6943807697770344,-0.5922406724003968,-4.565716058896312,3.303060268351481,4.665035735045971,6.948109117335596,5.0368008169078,0.36701113727202517,-5.6248100640383845,9.1812257451341,-9.66525697052884,-4.041736535582573,3.1857317447456603,2.395049166723027
0.6396150665616074,-0.4880565496170475,-3.48857746351934,0.03989976632377312,2.143321591025164,-3.4061186033081867,-0.7338351123740202,2.2189163702876935,-5.045088511315554,2.2044457795262407,4.179765734148638,8.805823796278345,5.355044225506758,-0.5928687763680202,-1.7717012629131719,0.6490491129729205,-4.5717527864634855,-5.830311772481477,-1.1273430177430017,3.740722166522146
0.6164838307959344,2.630698891082827,-4.2383722747455534,0.013281570890170569,-5.146239245801112,-1.6011102075584807,-0.7362290791568662,1.7091864449846543,-4.819548089694979,5.033481478303395,4.115035135827437,3.6816710948260014,5.751974469935293,3.6509094502528674,-2.5289497379836967,9.383444846340515,-7.692762683727762,0.4023024076951036,-0.04694157946832758,4.483356410666747
1.8770623620610152,2.2844660393522442,-3.496272867160681,-0.3594094166301982,-1.4894725925093608,-1.4729324596414113,-0.7734669710923553,-0.8838825407823627,-3.4328219754635168,4.505952502301308,4.266239514868142,6.757749742249784,5.638289006258315,-0.6157069459825085,-2.4699828955720804,6.53778357295454,-6.048784590438849,0.16508500095776357,0.3525980072543321,4.353826188173537
0.7354494826780001,2.2405011187064274,-3.0332762704714966,0.10706116393576204,-0.8273112324819236,0.6069670310553938,-0.7482461241638032,1.2910560718661706,-4.4719462098151235,3.355180162615044,4.384253001983221,8.525401430589977,4.372757805858763,0.8322526718351244,-2.6490848787880976,9.165181140600259,-4.198850402978051,0.2843846648812357,0.853481011327251,2.602440798976006
0.8850022620137206,1.374328117801397,-4.519002468278077,-0.1400864990332782,-0.15244699100824383,-1.7520609212966884,-0.6900010096031894,1.8244375498245602,-4.466723318209505,3.371182779624319,5.047418214430655,4.407247963603844,5.630800890023332,1.3462314039912788,-1.6444879996221862,3.585161174713942,-7.26931107703217,-1.0430492182867652,1.7946670041579629,-3.575664293751804
0.8353952962179718,2.6921829200691443,-2.2013919809005853,-0.39340293945179305,6.714235746017841,-1.3318454220466769,-0.8523599950745705,1.6171120658733429,-4.860533254951237,3.5747163247888833,4.143830860907707,3.888450170590121,6.4558353976980865,-0.24724350772947445,-3.0864387526524073,11.153727665934891,0.07656879028124619,-671.1307553406058,-0.14980783601832054,1.627107137076387
0.9192673570582933,1.9377726994625935,-2.9243130404194435,-0.599189365502923,6.2208625389179,-3.9848897694809198,-0.8708261342516445,-0.7984313356394568,-3.7787912745470393,4.347929078630674,4.330295780451278,6.219833814989297,4.723547053666,0.18673038691590316,-3.455138901053688,5.694449546484409,-3.555681245167955,-409.08101738923733,2.2166686652631853,2.9893017070593215
1.7676839868205998,2.182204316212597,-3.1490957851405335,-0.1724921981278772,3.3079582840096227,-1.323504587372688,-0.8556950144361006,1.9297036091737292,-4.084305892620381,4.010007815782494,4.2948475206634225,5.86480059959683,4.29062354183691,0.41607991841171793,-2.546310240022773,6.394253370742079,-3.7172962115353076,-22.153854163383603,-0.12070614706741752,3.853429413668937
1.7899116009312526,1.4982337723033057,-3.3395352066634465,-0.5578309246739496,1.6992258244137513,-2.3431767924830234,-0.7317922858099369,0.002297729617883437,-2.800984504855342,3.080359387149003,4.323006432230396,10.954385121856896,6.175440662010807,1.3496040708539971,-2.1040095115326776,2.1243551114921573,-6.293678222587474,-5.514304394349088,-2.345015900218371,2.3660924628911224
1.710413729905812,0.23811539349283972,-2.0066619297228527,-0.4795741405965795,0.023554368292380334,-2.645669012933731,-0.7868116757986221,-0.552610307990034,-5.536207030369708,1.5236034096862485,4.262965370192758,3.4888646457858483,4.823699539796874,2.201030009587504,2.0045650167711773,0.2826795501259354,-1.7842610719501784,-2.2937006237751616,0.89098805400552,-0.7644085848179789
1.2348372278985744,1.9779818771312385,-1.8253233964718296,-0.011032696309187684,-4.141699115294266,-3.7508033523186044,-0.8856457531711517,1.4125438275215156,-4.84790627237105,4.850333199818615,4.0247032231059405,4.66324662524071,4.275050161567897,0.6068934027101529,-1.7989875587562127,4.462187572881228,-1.1679780206916315,1.4019552470366712,-0.9582444727087089,3.6386353902349216
1.1690137144519075,2.899436436967763,-2.0928910925387516,-0.4685656984665042,-2.4125924631636297,-2.854690760873596,-0.7581791866513967,0.2057700736487169,-4.530974055183576,3.6852426154572746,4.73154881996008,5.614271634101232,7.286940612833779,0.8400073185925813,-0.5651944919490139,13.539067175098443,-1.658054237712691,0.117904949893222,-0.1110388811119956,3.063188233670831
1.1140244937377868,0.6234025170814259,-3.215667034709198,-0.3614204164897914,0.18334886203091083,-4.012581960703461,-0.8546218850383088,-0.21037605850016472,-5.058855118392729,3.273998054651578,4.162426367689254,4.136831622130599,5.636286125442244,-1.357754535050196,-10.031273155701728,1.5921234273426832,-4.379488636665123,-0.46944822849831724,2.046747518636372,3.2619820573336846
0.8779737168936748,1.5564532907391961,-3.388948886924722,-0.19330875528091518,1.9360346513408868,-2.8822933947177947,-0.8163780634434515,-0.6322045704500313,-4.728901049859156,3.6176201005651776,4.477614430682127,11.147541185983737,5.305986653664313,-3.0222057353430425,-0.5328805046978418,2.4115710283813674,-3.1186848239049683,-5.456778420903758,1.497156761757145,3.1578617942592397
0.9383065328634157,2.4062257887262635,-1.397638461664776,-0.17904839991230714,-1.77000009949681,-3.453216575488132,-0.8680414877616277,1.4099301634529229,-3.0367761684348666,2.836915394692014,4.136837475573263,4.98719157056014,5.932266889864982,3.7990264175576662,-0.770420402959288,6.9108219702907165,1.1666208595967396,0.74138655627658,2.012671232956867,-1.2782353589940625
1.6479849022156228,3.276454402232555,-1.6644889222676145,-0.340181074021493,-1.5133329924324348,-5.102879795345672,-0.7264438369883259,0.038442728531163484,-3.9594867554421245,4.018487739854643,4.202937718280536,4.745579575733276,5.538086555013492,-1.8077184582051269,-0.3195336190753928,21.38309184989522,0.9504794264736904,0.4516937119681131,1.2707923781028638,3.151974152661156
0.9568588536639353,1.34775562561676,-2.4662664519256885,-0.1503844802408329,-2.5349834470978094,-2.1906280824521174,-0.8526323433006617,0.3714148661967118,-3.6101306697771367,3.442694013342722,4.269952139850106,5.072606215135072,7.054959350191375,0.8520300943876835,-1.083378557004463,3.896787998067503,-3.713218515126856,-1.3729102936030286,0.46621592541949414,5.011105510247138
0.7175613972001527,-0.07784068097397401,-2.8907774478949144,-0.4811367347063869,0.39445555064231463,-1.3974572572644774,-0.6854204686933656,-0.5364370644727557,-4.538738920077502,2.6451587509213503,4.043648601697921,3.8122669355864547,5.147707149933987,-0.5695065839730404,-3.8016221605883334,0.8432346943695228,-5.315986331505608,-0.8206918142292201,-1.0913067316613918,2.945498525081737
1.8495708517528404,0.6487648836188049,-4.6977977106925755,0.07603284901884577,-2.3310978203376953,-2.9850489930415236,-0.7909321087760821,-0.2986350487605123,-4.7313254128907625,2.695316246340063,3.931570944967447,14.450735783544603,5.466191913080298,0.3307123711914742,-4.050464366657522,1.6108244375590572,-8.27681431167086,0.027707555531109707,0.4179770345011118,1.2610964599321361
1.6456943028717643,1.8629661838422202,-2.051770238891323,-0.11040190443818021,-1.796100666086316,-3.0906122305960464,-0.7097499358978434,1.1323643500794804,-3.9566531298358236,4.441875677568172,4.211815347744214,5.256759216774416,5.160423218731955,0.8763358475879957,1.7211377568525301,2.8493647942119216,-3.9635653070244254,0.3048470675047657,-1.101355288201067,4.135278464686478
0.6122139977008919,1.737978156222522,-2.694174920132743,0.16308676877188477,-1.5923934914958482,-3.154402632212082,-0.6904032971407364,-0.7038686597131651,-3.8097613573066202,3.4477876632413866,4.077587934670928,7.263667123001154,6.969132742611451,-0.9491922584165684,-1.0228603041780093,5.0914111698597315,-3.8830173257884035,1.6738321816998123,0.29052450824845144,2.4904826400712845
1.3506540678990375,-0.8757134564081692,-2.858062601581247,-0.16697090426920397,-0.7756371356080988,-1.6166326167779586,-0.8391299335370449,-0.27270624797184706,-5.19447140925937,4.221043488166174,4.647712068587773,5.286650915665675,4.899849551332261,-1.2135144532537465,-2.119626225128656,-0.362564017165752,-3.247342974743351,-1.801262243497309,-1.523217544352056,6.144924677763836
0.9255961372990865,1.0657753298480142,-3.172882658454169,-0.47531381797563244,0.6202375740469297,-2.6625124340739412,-0.7975838810177405,1.9122744312196,-4.016069402655697,4.9407788552884995,4.7761486088879685,6.523745679957603,5.568353624974713,0.1098285928706921,-2.1087890217510123,1.888507001280602,-5.203456821432321,-1.094995491000717,0.6307805353416261,3.541458529543812
1.1203153230780531,0.190258249031789,-2.565428064507089,0.10043719423903219,-0.8377244524371278,-1.6146219027037303,-0.8263606166433415,2.2587185489687265,-3.6885347786536364,4.120309208802119,3.9805869832793435,0.41107987645368027,5.915238410948574,0.3411714740748496,-1.8201748783163811,0.01672261565775468,-4.32224785149541,1.6742026351515724,-0.09374647488315137,4.240015212960113
1.2130120610668031,0.02299393883817391,-4.470721672465091,-0.5786188225318674,-0.5820951084765656,-4.84255620334012,-0.6953855600863091,0.4115285377571083,-5.191294461943961,2.880569709406455,4.72466380509962,5.909990082652607,4.989270171507221,0.2023911431963586,-4.96400370462208,2.5665160807974248,-9.4850111030362,-2.704766350365186,-0.8791110258628686,3.346407281830457
1.3570200584521674,0.0691239596844142,-4.049097574734295,-0.2858208318185905,1.0647711444945507,-2.039610693717824,-0.7882848300720469,-0.8171459622379487,-4.439011543836054,2.7799086660091694,3.9610237965250077,7.748933985939582,4.667608514105156,0.45447458179297645,-3.2122653566692017,1.7779016506288694,-7.666081524443559,-2.9414181788344638,1.5446892022279184,2.6859136249930726
0.7962721755925205,0.10626989637704831,-4.075693313467516,-0.40808682433566223,-1.7936039750607249,-1.9555747956162024,-0.8849645755249466,-0.594790075824556,-4.361562949316529,4.898030354860642,4.117026228172162,3.9846350312335437,5.212037058464305,-0.0429346549340882,-4.4413560148353195,0.4361518898119998,-5.126018177759751,0.043759528037260895,3.3265174079813518,5.1780268373762075
0.6698891755999086,1.0339921413679904,-3.5314334092747965,0.07786953923946205,-0.4385683225163867,-1.8596560827412894,-0.8672623320051684,-0.6491056810174979,-2.3099875316886482,5.1565599274375735,4.111802454247135,3.536158324522259,5.1716317316976435,6.1311929781799295,-2.7805631278870853,2.541204806797288,-5.75153643273464,-0.29031016131507364,0.12992906850444583,1.7954914567479139
1.3075392757364541,-0.12053007009110206,-4.963730710218859,0.12392205187998451,-1.6495744526321874,-2.270063067783699,-0.8611726343484419,1.0496951318683765,-4.083333013745762,4.439613632652303,4.362601573093764,5.574274417400367,5.673356018240482,-0.3619255341485541,-5.635305537163706,0.6070522233857893,-8.331122345988653,0.5213668604969226,3.282944145184405,2.6888642226100465
0.984084403445389,1.718430775931669,-4.4323725634782,-0.5855256831846641,0.12120383691067127,-1.9122578294853203,-0.789016029414228,-0.44491259953360573,-5.589357667501913,4.778089947649049,4.585869742919732,1.5476420580988206,4.65577186076421,0.3716089774694091,-4.039376344097021,5.050165816076658,-7.857890679447005,-1.17562757807125,-3.5015821682801205,3.1141406492648396
1.1447769653715065,2.6657106283792413,-4.939053316795941,0.06972515880061225,-4.628920034714119,-4.120085673015993,-0.7434186130488714,0.5697455214263953,-4.743880221089561,5.779013959089959,4.675556181363592,6.47816980001942,7.5106405689052425,1.482838966489756,-4.114869494470335,12.737783891789451,-8.340815878527032,-1.049561574871175,1.354019093453516,5.143684330090059
1.7214972536178552,0.9765898562603181,-1.204110151022897,-0.1259394800050827,-1.088079025295214,-1.3698013485785352,-0.7084741337353273,1.0474320785811857,-2.9051858860445754,3.436518887835063,4.582695295693314,3.6958358633011192,5.009517998302939,0.08537779333395454,-2.195795341471181,0.057960420635295495,-0.9062911475325373,-0.3524581148612666,-0.1405361799471431,3.377841887024433
1.1700898313120738,0.3884532489425312,-3.4993870800550053,-0.26349920921464604,0.09283568498567851,-4.036087595289851,-0.6899166538616306,0.6385977900905098,-5.366564139646294,2.9484255178863945,4.464889543563714,4.65987055145986,6.28678807475395,0.7477669771552047,-3.42750569185878,0.724088653047474,-5.8620438789579135,0.06659894223398877,1.2287854736794463,3.1696007598873166
0.6627088471517739,1.9420672273432986,-1.3223053433102436,-0.31303066828066084,1.2835138543182278,-2.8369348700567576,-0.8638390616047744,-0.3148278599950901,-4.446597560406201,3.6387029242124105,4.378003893792011,5.811409703132673,5.039670654427377,2.224618774550707,-0.885972364380159,6.444218312450327,-1.4298850320544518,-2.086580422076857,-0.14557051363224158,3.2135040975180993
1.879665992619203,0.09469851147253583,-3.6391231834243314,-0.2782318401223798,-1.3682072423990328,-2.6457294377606404,-0.7211678986662649,-0.7839205588647853,-3.208317059248926,4.8671004157403015,4.547235596343541,2.8140023443148356,6.2014656187111115,-0.4795836095102346,-2.6988653219872574,1.84248476561343,-4.659000878567658,0.7384962991289433,0.7457261507186804,5.20493705452849
1.5236614017989367,0.8777524426816664,-2.0106858012491564,-0.2500980141347184,-5.1465806228397435,-2.0482514577228415,-0.7824594280579723,2.0016663813566615,-2.4899085359821846,3.9350500323167394,4.590251361049834,6.556305573863364,5.1231930873811615,-0.7546551523710722,-1.1657785191677277,2.027558274476366,-1.5014580264666537,-0.43869384726595395,-0.32363049973465796,4.111046071540866
1.470538322463996,2.4306390082953166,-5.16353586477958,-0.5642848722429178,0.7030692194840553,-0.8098090903598483,-0.755959552438234,-0.14550098363558228,-4.5542286496435445,4.089017268911828,4.271644106029261,-6.380884942724322,6.7056660704696185,1.3637306077093223,-3.9356004920103587,8.097685310747746,-12.192459245225585,-1.6703321554441455,-0.7552084257076508,3.030582428930484
1.855764990553001,2.602017219775486,-2.3062857845826774,-0.5107964382768437,-5.527542717211215,-4.908199087075365,-0.7733757905858656,0.9868991817832868,-4.560199024155494,3.5463643945724153,4.212121505149913,7.2625282635485,6.2927070390456485,0.768306897512185,3.4686440564646444,9.522662690874508,-0.9835879776492211,-0.01650904058587216,0.43621983263900177,3.8258221196060167
0.9654337402781604,1.260452906799969,-3.341320197044552,-0.35732056910656174,-1.1235190272505808,-2.7043268370152638,-0.7131894929221184,1.5540983333127598,-4.878976083191304,2.4912395189237584,4.15604429568314,2.196383449324719,5.6306873060689995,-0.23412981461186333,-0.0028729487485503746,1.6619432478869416,-4.168779178789638,-0.3521769997556498,-1.0639921538950157,2.451870814092849
1.4859682847311133,1.2455811472313607,-4.792352108551134,-0.5615932026317861,0.018257516755746828,-2.1206417357157443,-0.8409234372343346,3.031612432146971,-3.3881670269993904,3.794335414568273,4.2079864339795785,4.318438954366382,5.996032266063965,1.5990098071140488,-3.2772795742835843,2.374520206914217,-5.837582422009044,-1.5992108086345427,-4.794137906119607,2.167098931763329
1.2834885195982624,1.4181732322627612,-3.7939522408920605,-0.30484859502685135,-2.0778858046207884,-4.246155361851459,-0.7006122888022237,2.2287145425980968,-4.37937027204826,4.908099108300679,4.563748439122204,9.338099493071537,5.554791202788413,-0.10395297307079138,-3.0343801606535425,2.3726821962964912,-6.811945352825945,-0.03145934479018089,0.2642996774634834,4.087345091471186
1.873917514057894,1.583928558432569,-3.3705296334380095,-0.0030440574003617327,-1.3448880390662472,-1.7239391992055493,-0.7820136518634512,0.16755028768568847,-4.5293408230584875,3.084526779571587,4.351023423250953,3.856460760983732,5.454649465979202,1.8777049821506586,-1.055902408114704,2.799580360313951,-5.060605066075989,-0.19982655308407204,-0.22386071037649954,1.8117490589810474
1.7482632221551135,1.523844306400187,-3.9018847780304475,0.11676554561005292,-1.2463909709311545,-2.200762825829631,-0.8793849207161961,-0.7112215813524815,-6.811579963768683,5.156026059142027,4.524000584313466,5.987190776422155,6.946011259590347,0.5479727894183966,-2.572130379442934,5.4193601789725205,-5.927935080037556,-0.22300535470026525,-1.2265921376814433,4.891509209936801
0.8406166391368639,2.13580900967338,-2.5025191478256796,0.17871889252644124,5.148486696178437,-3.306582220342055,-0.804594302178503,-0.5160335448971362,-4.218166533416238,2.844109205019101,3.94579865264722,5.789814444639118,5.883460484972305,0.06816990013542956,-1.2033985137692003,7.206456782209954,-2.381642111337263,-140.28460091984874,-0.7612464668382325,4.582984932570743
1.1820940298238,-1.2344408846037158,-3.8131719085106113,-0.18709349216476573,2.6088508308703835,-1.0189522896868386,-0.8538341119856041,-0.06070453209624316,-4.047684425642332,5.077605727778051,4.5270464831702935,4.001168524360503,5.445961203252476,0.025881448629099024,-1.2982088493046373,-0.25282430612935225,-5.949230694188877,-11.120638785888982,-0.24228313096311332,4.390343908415774
1.680659164295368,1.8350825294898383,-2.3900606352361997,0.12712996260111753,-2.0446277832375817,-2.943958875482721,-0.7010366390366021,-0.2830807562642572,-4.6285500133249045,2.825945468705415,3.9246411121692826,2.994055169976753,4.6315540177592425,0.41194909492384696,-3.749006357638263,5.955713016688524,-1.456124591882736,-1.8211917576078294,0.32169844768380523,3.1562274284097946
1.8319015621005126,3.4882639686888948,-2.695915012855372,0.03323402281946242,0.45490220764546896,-4.309249582211115,-0.8499121254557537,0.5818844412203179,-4.703568510819461,3.0912449313982657,4.437953794045982,5.192443050711179,6.686727252641595,5.688632297872023,-1.9863839259443687,24.08932623061657,-3.3605624272187007,-1.102973538658935,1.2003864970091822,3.7945868921588612
1.2029156241366241,0.9003677594794608,-2.4573484774733765,0.09438325552397453,1.8273025563157623,-0.9965368750540788,-0.832268850336715,1.6580036513696466,-3.1343861048812958,3.091979561043196,3.9430373003229513,4.999380984790415,4.623358935440017,-0.5263992432308691,-0.27687851602149105,1.407015400891864,-2.179087577288046,-8.99181695404108,-0.6121750557699994,2.4869119046811377
1.4945442027892173,1.1359469804766955,-2.986176145050583,-0.2849824274896079,0.08089482037365481,-4.176573970191222,-0.8517151392972849,-0.44136171040743144,-4.285345244450881,1.8341560236157628,4.682658603390764,5.607363941826662,5.447347774909502,0.28828374254647177,-1.4755017813085134,4.083573145419235,-4.963603650464393,-3.619870926062051,0.07956121389916643,1.6641264741412525
1.6092051944329009,1.859663776449417,-4.017085174755508,-0.04005284655025443,1.0518096132571073,-2.2767176233556543,-0.7896736998592422,0.14669284417060724,-4.360587825170553,4.613973612239664,4.197280720830985,2.4778038371453524,5.149297363249076,1.5383506563996985,-2.9564439533581446,5.905201923993551,-5.139597431270111,-4.167432003973375,0.750227689558209,5.0616579525635075
1.4415126958050666,4.273843463089706,-5.420365802093032,0.18772068395917874,-0.10062451994759303,-3.7863659574875963,-0.8435940702284741,1.7032000950647883,-4.583566467434599,1.9596907453609265,4.539417200208283,6.035631597100472,6.031419848994704,-0.06479724151856736,-4.183214907462628,54.86260463956537,-12.106445913585352,-0.7439798260865205,-0.5027998580325519,2.985350641355197
0.7971099490957784,0.466261018527521,-2.1696901368853765,-0.06617499230134549,-2.291569276641591,-4.7191510814029085,-0.7756811151122842,-0.23706626865663694,-3.4281899807102185,3.598489990072112,4.476912328381718,5.636609221031023,6.766244700570741,-5.248566491010907,-6.503716865064065,1.2107469334796084,-2.4804494861384563,0.899204107725864,0.316542626495022,3.312288375465797
1.7264711547971627,0.6176968825656541,-2.4249039476756873,-0.23273493845632282,-1.4389233911299533,-2.0087376928600555,-0.8843953749069221,-0.2912487142405744,-4.659321514596722,5.152294717931805,3.9514693233820597,6.638725686822315,6.2022121181045105,-2.046300928767822,-1.9658610396845855,-0.34569573754831495,-4.633393281821722,-0.28371278087880836,-0.17155764766976217,1.2887596641573746
0.5795298769955516,1.148737368590362,-4.073639555347475,0.075142605901094,-1.7773427500038783,-1.1623675636591826,-0.7158052084928765,2.128661207860641,-4.810365313818412,4.7965613392077255,4.4581211269317835,7.790419256480996,5.042561972574872,0.8500261813914654,-4.137700497577768,0.9623760192134401,-3.4251646061745413,-0.08204848936113135,-1.1666869979276935,6.3352566938257535
0.9703561785744395,2.8927868399217895,-3.3425637915478874,-0.5066758841236584,-0.6182034995842701,-1.2052493630977241,-0.7773888563309,2.4312666417579085,-4.220359928142371,5.208876576012765,4.363800321384851,3.9564803051300523,5.856212095816305,-2.523158574352995,2.6872926696613617,14.133333768990862,-4.235885883800801,2.2137599726638157,-0.2729798184361544,4.619299116080816
1.5883797924921899,0.23792502437223662,-4.756291341574887,-0.6059352771891803,-1.018342357275851,-2.4528652759226097,-0.7600317123203406,0.13348720901471278,-4.010066474865039,5.221872838790153,4.049243557172532,4.798582878178864,6.264753169766125,-1.0285649072326606,-2.6775871117676218,1.555606199816863,-8.444824656483647,-0.05407831999414872,-2.0424381028760403,3.2951002192685226
1.52423802101384,0.9480494408275197,-3.4258074618212992,-0.5859831560446817,-2.908843906439074,-4.5937700839797975,-0.723832425381944,0.42132687990099327,-5.380631596003184,3.654949929181458,5.082545049756868,4.852399450434201,5.3865291206761405,0.666403071997973,-5.400308155445633,2.8667883748654543,-3.4003710556534346,-0.10601132985046632,0.6564684080857679,2.881657581985118
1.2418968796756116,2.6368506051655416,-1.9813259300240693,0.10117957337256933,0.5206688558254566,-3.132200558283376,-0.8478015551219111,2.689434945797856,-4.476894161173025,4.101408264730625,3.9801200809466426,4.114699077327973,5.756238712776197,0.3979720620101433,-2.0572074421638487,8.51496700426317,-0.045887951222501444,-1.8101587787509064,0.3577747265355759,2.4645973785815656
0.47220596996439845,0.7508867361989574,-3.258308733145161,-0.5790751040451465,0.10864881275059679,-1.3014678278348437,-0.6985178821945867,0.7862105479855424,-4.583527913460463,2.9071452024870292,4.635702594316026,4.896615651916494,4.839188159159226,0.39585799748443534,-2.2327908808215304,0.942691013379676,-5.341110576512278,-1.8405362430755843,-3.0959587577008816,2.7748749204600793
0.5699686684015967,3.5738715986313543,-4.746041741902844,-0.5910235036759482,0.9611367075500927,-2.2738499465248574,-0.7542160101644788,2.2279128938681616,-4.269898843861151,4.134388381640195,4.061347128261655,4.655317477269584,4.814691816967543,-0.1783097340115316,-0.6262373165755992,29.313789022632506,-9.06269663946439,-2.5457492015774545,0.17570106849627476,-3.349349401728186
1.1312828601448572,-0.08509075770924435,-2.57301784518889,0.17003530518765841,-2.7244084326740654,-3.788836983765375,-0.7755414267905724,0.6519056673696562,-4.7548834272646205,4.01330121823137,3.8891262192617733,7.378062178004268,5.7461577718949925,0.6194805731434587,-1.8974081469393254,0.7912515202095906,0.7716069830115964,-1.554644268258456,0.6798877084902484,2.6624060067541917
1.8127870425403327,0.984451025620854,-3.4235763067745495,0.08703388844450088,-2.1360735307220216,-0.8446386234644376,-0.7371805428361065,0.11755138670442045,-4.813973358026612,3.7856484816157376,4.559619819517875,5.668323507527948,5.6120983685542765,1.6893841916208572,0.282829544864021,2.3854611726160226,-4.935902710996689,2.014054554680993,0.06356189138004487,3.1331538426080283
0.7942953693063444,2.23704503561473,-4.651768216586662,-0.531422790616809,0.26885760570512374,-1.8171899247967689,-0.8379649098533882,1.100027187185153,-4.940481308960436,2.876891310731685,4.077409642510606,4.592170940090279,5.825071604883177,1.4612293118442718,-1.20923200767326,7.736640443635309,-8.713381822459933,-1.4382852151578183,0.16130880585025476,2.330236743600777
0.49537525710215,0.058719819382678784,-2.945825290193307,0.012961597588744822,2.192938420506129,-3.0436297963178194,-0.8484413277614649,0.548584694174042,-2.9403475050421894,5.848088893300134,4.564600834231908,7.933317779342297,4.8554643436652185,-0.380724391787682,-0.623891050722372,-0.28575244252328624,-2.78301151118284,-7.423093742895246,1.8676424888562224,4.092785027169068
0.8424627194608846,2.425835554760137,-2.621478333101203,-0.45643133240763323,-1.823927510596894,-0.2760209815796566,-0.8301327097277839,1.2631612926762528,-5.281439681209055,4.321705488098325,3.869871305070605,-3.3821047892518976,4.872611828898457,0.8371313564368346,0.008371685639171789,7.88422699756109,-2.7958712489763538,0.5789167428736373,0.8316508915560634,4.322040306533251
0.6735742004341662,2.3436076957492444,-3.4647017945817753,0.1804143820491526,0.15837795121950782,-4.438408018081254,-0.788481453682554,-0.5928529381319918,-3.9333306968100086,4.078103303927236,4.4940935615540525,3.141708677638942,5.640892495781918,0.9496308840995997,-3.3336057595707063,7.022188327120401,-5.408456335640016,-0.6955086230869479,-0.7359096743379422,3.1762287803177185
0.9459674483709127,0.9936211906604311,-5.427271495466981,-0.1575016054536998,1.4382032034171517,-3.692378816508516,-0.8291052865047701,0.2890113468855775,-3.761804022852005,4.668315980821194,3.9911036196553145,6.2458711056275495,6.4566321657601105,1.668732675814045,-2.6657926501928104,0.7139420539521801,-12.637725426998843,-4.448250410663071,0.4576335713684959,3.9292425896163574
0.8479081663858105,-0.5104732339222513,-3.30076391098968,-0.04075994661955751,-1.316916321682633,-1.4687538811666625,-0.7145975826826205,0.2138230568393511,-4.021609941442314,2.779173832085574,4.757026359909798,4.007902651694157,6.5104643325735,0.3508377918536535,-2.853794063357442,-0.4405030827091564,-5.539057053250889,-2.6446981226140185,-0.5775914747423193,2.542594594583595
0.7597889054104383,1.7615103496800602,-2.50613407807759,-0.4395882740053554,0.2855479802184989,-1.8870581830657087,-0.8130760688848059,0.5242779122264662,-4.677193022837146,3.0327546053705303,4.394851707331619,2.471564902128207,5.9092914496648055,1.4396132497520475,-1.279016695621463,3.939399337406069,-2.6149566616266875,-0.5345077987403918,0.8607074466780807,1.7115491341757383
1.4535419436263366,0.5680841457387169,-2.867400255904184,-0.11421078819963004,-0.33217688763177433,-4.28314762224153,-0.7200636829911087,0.035472169769792394,-4.5427695712480585,3.4788228518393156,4.197630552775777,3.8266407180881306,4.584257063542515,-0.9890381081230855,0.5225282215041847,2.441173840512386,-2.0334966746971617,-0.3286342615123745,2.080972457840697,3.50956403533842
1.526585144437688,1.5727701229837694,-4.672169016007983,-0.2949311108553884,-2.9408743359357876,-4.50787213033744,-0.8750151138861638,1.8667295715462182,-4.271319061466452,4.119999767572635,4.616475261292599,7.064033695681232,4.640605886489137,2.568333582998147,-5.967711373971497,1.8197818107558708,-9.199739075463034,-0.04539108234574844,-0.2500088032349097,2.9687465146075516
0.7165208855253627,3.4053328446980586,-4.461333157273053,0.0908731834598866,-0.15098758548555646,-3.0475436082374068,-0.6889359974019577,-0.5171870662594312,-3.5297703293047036,3.9669337322371017,4.202701178434802,4.67789746425735,6.821149969922416,1.9226989633143559,-1.8984724992304522,23.51917760272522,-8.174512009135377,1.9720166371454437,-0.25367557505045735,3.0066013377225467
1.5384005579827615,0.6259791973098591,-4.58327607437175,-0.09055367757208743,1.8478971963043662,-0.11814175759294043,-0.8596258939245449,0.6920504039892659,-4.368879782714988,3.412820606190809,4.395629009568106,10.331038272240509,4.583050943229922,1.2281946334887566,-3.547502123260841,1.250318702986786,-7.948765705990686,-6.082512089684732,-0.9192376925967659,4.589791597167785
1.6046192682878648,0.1688887987774581,-5.4447716763841445,0.08949745006717091,2.337399719120505,-3.6445869004302076,-0.8526789966130174,0.17537930597566787,-4.737682588672759,2.170245336699485,4.854216360708235,2.1361793348698503,5.551172534061065,0.5284391634482634,-2.600888168764776,1.1072035531575999,-11.062872582918596,-8.383468686734217,-0.18449985273786085,1.9289707024617568
0.6267986751141863,0.27585016603913104,-2.620031962732972,-0.5006345290261615,-0.518973350298687,-0.3677570397374419,-0.8338227945976893,1.356929537092244,-4.969286863945282,3.47090271919261,4.20330924653715,4.004191542559863,5.389133569347978,-0.7279627418772747,-0.87529609844422,0.7535240874610674,-4.0795428635043525,-0.2819687810104822,1.2105703496763454,2.722605134486356
0.8366906844253229,-0.03275060882391134,-3.4834131485686246,-0.32595825416391155,-2.938457843907242,-4.763107274845387,-0.8008284757762041,1.7740884616865111,-4.543612991421574,4.0946655674995345,3.882222006088063,3.65503083043267,5.5894780481839685,0.9258933504888077,-3.83253289090314,-0.10261267876429703,-4.940502241889512,1.4227410223452008,-0.9813308613286735,5.571451804495073
0.7938236656995625,0.743721678496287,-4.0413664458991,-0.5934505996547211,0.9965174370025616,-0.2071364127423534,-0.7263394445187472,-0.025154047176550343,-4.60386805091511,3.0046742295322297,3.9691344472148278,6.990050010415603,4.726809105105716,3.4694432328778713,-9.504217776081648,0.0311868773671391,-7.069802735988835,0.07156152856171305,0.3956142654199242,3.932538841060037
1.1838708583640118,1.0937481126840152,-4.492024929899408,-0.3167078532658582,7.155018766779426,-0.7695852008931747,-0.7738774538628592,-0.8099713296264184,-5.69094039726929,5.780279680975648,3.9341363589790723,5.514463055389673,5.572292703757497,-0.09800252413807597,-3.457167030335246,1.9831753624265247,-9.403591130851167,-1045.2245146655032,2.0076130652920807,5.866773085274918
1.0893347184253939,1.2305191214451279,-3.5278015013608828,-0.5249402988758851,-0.9966433792570744,-2.7700423804722556,-0.6990711329546944,1.1665390332049257,-5.278615415105152,4.864316056433122,4.59034800941191,1.6476749419830958,6.128651275127777,2.9612982530556176,-3.0130311856687655,1.4509834973949016,-5.659558680917572,-0.13603130424669352,1.344713954557679,1.8710336680384758
1.6266519812302487,-0.8423917098205633,-3.7697693350989394,-0.1640178091776976,-0.22000466519724943,-3.5410740782213384,-0.811711623219902,1.7358771465408256,-3.72868111933344,5.213082607730014,4.335973616200834,2.738634315159434,6.188382738734956,-0.6802067264891639,-3.423975540357028,0.21273472349208916,-4.760533742548853,-3.409228020993759,-0.31160641749995055,6.45849436526899
1.7032324600516724,1.1238875796707686,-2.989647308530325,-0.13213936308671898,2.817074676781586,-2.7155947127069417,-0.7759711453908494,0.490169672241181,-2.506619697963634,3.3807676631332058,4.541934802553555,3.411443603906866,4.933883671961871,0.3950276053540632,-3.402527496578779,2.2498333942608437,-3.6952569171626712,-13.813491363238217,1.075757491564754,2.017441768892667
0.7591712210027781,0.3429647402526095,-3.700185253528284,0.11577904805931538,0.43697314553583755,-2.314864650690909,-0.7565699392243216,1.8450405340385685,-4.600711786871943,3.793613717737811,4.302239033920541,6.846061829389047,4.5443889604503145,-0.915704494943109,-2.9864675382502486,1.3506050532310654,-5.345246396088226,-0.7782496545915805,1.6235334373232573,3.4951437398521543
0.8133172135778786,0.060795829929988665,-2.4922641698793826,-0.05472677231368228,0.0286505824967217,-2.6161888609830806,-0.8509918000939952,1.0759387978987518,-4.273672909763741,4.227401103617843,4.529141418299304,1.1378303796638987,4.958076420610607,0.304603996270834,-2.7420107590690908,1.0457759094843764,-2.0009622448801574,-0.7500485228633947,-0.04639534600652978,3.352009063608702
1.35102479518591,0.5511204535937985,-3.3000879885983343,-0.3244372276796574,0.2094361440414011,-3.4477340098797327,-0.7951560206508553,0.10383193815407266,-3.6951375222362772,3.1918274044309665,4.059688603787,2.8264380054584985,5.308941203851579,0.006098019356706563,-2.6315702055659975,1.0302382704392727,-3.382384686186942,-1.0261832235696076,-0.7703237534339564,2.3280706056437896
0.5560800559408164,0.01037445013242011,-3.9435445911067246,0.0005564387091028244,2.9815779713923685,-3.260126061025074,-0.6886823066182997,1.3236325849420294,-5.150069770490398,3.566577757866772,4.977205755453328,4.199433209121647,5.5562615602258845,-0.20189124178013185,-6.895547808997032,-0.22368660414178254,-5.805471723180303,-16.203732231461192,-0.9022206594187631,2.5941953169022938
1.8977577742118625,0.8592426760688799,-4.0711566476634236,-0.17375808607066057,-2.526126120531443,-3.138839725769803,-0.8340621161769928,-0.37785724101099094,-3.9306966150351723,3.053010420670744,4.502312214276278,4.31293181329891,4.694177203364044,0.8856158916424877,-5.9038185942022245,1.6550761169490467,-7.736361966649368,-0.8432825589874163,0.21298386804765163,2.7877553311891017
1.2444405909902243,3.245555347639518,-4.609055280235161,-0.12349038490730174,0.34896446647067947,-0.8263627287680992,-0.883847648244297,1.6044027400454826,-4.701039065714063,4.1908770782648785,4.180674340688538,4.896407999238834,5.380806438981265,-1.207348556071894,-3.491067112575318,19.67902988374891,-7.953846774510098,-1.9768183678113271,0.15212897567146383,4.869242203809982
1.6837777682973667,3.0797339003640993,-2.924526193237871,0.20678937586645674,-0.8879204919785952,-3.8467739715367424,-0.7254045165830966,1.0169871821372718,-4.538131461693748,5.080808731173772,4.238600373764328,3.5538218770502947,6.739022639750793,5.062703642046705,-1.9516954985583392,16.66552100447262,-3.305357773180613,-0.8656344978416617,-0.3573902858923358,3.3586419835190773
0.5944454789937632,1.635536652143576,-3.2946690171020583,-0.538014874127987,0.43274535152186955,-3.8580218331585954,-0.7060373774850746,2.5441879022380074,-4.357491586469259,2.645152939546623,4.111546852832445,2.9455380290116997,7.411147865652146,0.2406831143510954,-2.808650378020298,3.1036857823896313,-3.4795604439063323,-1.7178919473860692,-0.28784014552343895,0.600447324726431
1.25863047306151,-0.054361060041241416,-5.246471344704432,-0.16041338265422528,-0.012744706186140764,-0.6257778174950195,-0.8436793359260982,2.2878265485491185,-6.461284599708086,2.856006409148997,4.4796555970588585,3.1821306830097584,5.654169752155201,0.6595436349431789,-3.592083455806945,1.7207318920494161,-12.026721580891463,-1.3840891644303126,-0.10634031453028327,4.080391553277972
1.3154660069278452,2.3012726312016074,-1.6729266651757597,-0.4228291402836811,0.8287188939617776,-5.5868224721557205,-0.7968928815121318,1.8791214697639074,-6.00117343917711,3.6700298093058636,4.3449253920903885,3.888289977886099,5.538133872388652,0.03187310106391428,-6.696089212563983,7.324250679363246,-1.2749362088030374,0.6054181731763177,-0.5719512845210735,2.3217321118469356
1.0402568384090882,1.0233725758063252,-3.475256014671927,0.04733708461236219,-5.26471496224091,-1.5698613647804014,-0.7282112952320972,3.0679413115126057,-4.347565157122416,3.420620048780906,5.100396738713008,3.1771180603160145,5.4928065483761594,0.43912653881603914,-2.6676037236137105,2.39042563088346,-3.0540531306288905,-0.2936123832529368,0.38255592152264406,2.188658146205194
0.4922324112148343,1.1490271339782374,-5.650559024676191,-0.056630456940504725,-2.496527623753196,-3.120067901069024,-0.7466937950108787,-0.44186762702328364,-6.583559394419622,5.099177103119722,4.624290728289617,5.170685365845095,4.7721657788774765,-0.32253500372036087,-3.659467887489324,2.079608682089908,-12.88360507537671,-0.25981443913293223,0.025290452348563336,5.266402086853039
1.440177185880942,1.6832343653612862,-2.1704217579878335,-0.0595984598854451,-0.9090721286915416,-3.8435962629319103,-0.8016737215286412,0.42840549645559545,-4.653565366250339,3.430194236262419,4.406763991565629,4.846304202522307,5.8915964691709615,-1.6664526027422046,-0.5744642729127312,4.522337661021374,-2.371866227574909,0.7541895297118467,0.039547292915388006,5.337163246729128
1.8614584631980624,1.6550735985737384,-2.91542922767983,0.11651145021085774,-1.7851122753508182,-0.695413270246682,-0.7159496590751228,1.1460583612396533,-5.659752710143199,2.9747617881539843,4.147321579178073,4.227229017699094,4.823736332252992,0.44364446890169795,-3.164421724802269,5.394280347906967,-3.2241368516428546,-0.9436785531609605,-3.0887812775945203,0.7570320526791536
1.871832687690258,0.4403132997157655,-2.2906551310708387,-0.37080760324009315,4.3574088657626735,-3.0395080708384676,-0.7032614437079928,1.848054954156098,-4.635725871335646,3.7899993636132283,4.256604595376772,6.231250031619627,5.668440200086785,-0.7035303374231474,-2.0112500371758166,-1.6182352516772347,-2.943770166375259,-62.86321740941068,0.0742162361976565,1.8767696020286853
1.744301019199241,1.3007958259965378,-4.276807441521432,-0.5049350717180732,-0.004656548348256351,-0.6791116887212783,-0.8743046975320243,1.9609260484899722,-5.073339769966792,3.095122640037048,4.630259739047901,4.673304642057133,5.8232771936614505,1.4172396498861224,-3.5749465052996294,4.699976886560771,-10.48876208586508,-0.3202021190808006,-1.5760819359877312,4.8201091217477625
1.2349797192037253,0.8901487661362844,-3.1998907664610163,-0.15110026197049198,-3.5785696751479987,-1.0892381458342844,-0.8218507814754812,2.643605880851255,-4.582688364902011,1.1758657322371748,4.24642096459088,4.278389948064424,4.591832745408487,1.5960031887959794,-3.2468316411958256,1.0201427360545425,-4.435875017010326,3.469786147331617,-0.07200396119493949,0.42518241083933783
1.31696903744914,3.6982780866050993,-1.9753632169504196,-0.48913832178791844,-1.3216147543566468,-2.835583581206741,-0.8743028505064255,0.8899408244126117,-4.835488942090641,2.494677395384665,4.153551567209855,2.925251071317443,6.163224158774647,1.7190930741685135,-2.4630564580662737,32.73191684598413,-2.248737895908278,-0.17432400532986464,1.5918820474079212,1.8590184118520323
0.7754362788989528,2.530806941214329,-1.2155874586674345,0.12704935710986887,-2.699010416594789,-1.9779329826680576,-0.8473666034842968,0.11464803808753699,-4.397184675477926,4.1730479470488175,5.034236962110248,4.907548855741892,4.944240379575278,1.6617378559057,1.5963130201560403,11.226176757097837,-0.6599320085153705,1.5814279326324467,0.1356069869940376,4.713061477811311
1.3324839656497862,1.5468558038362228,-1.3319028915390678,-0.4810091470388037,-3.546615494806941,-0.8009463768209513,-0.6958900617549795,-0.8481057863089354,-3.935097371461003,3.291025276271764,4.620484394369834,0.19704280026772913,4.77247071650736,-1.927306727707429,-4.395818417323083,4.470086178920069,0.13425041019866812,0.028807732296640964,-0.6335839544959516,3.387194391032191
0.8393089223575683,1.7522305776891056,-2.6258927062680297,-0.38541806792805977,-3.3103952381971076,-4.986325921273741,-0.8742213163764465,1.0511678451350828,-4.996633333373941,3.1391824609243306,4.499129750760624,3.6867806178347147,5.781071834633425,0.486726039301123,-0.5735549679646417,3.404021974979552,-2.7627409466332433,0.6986561379936326,1.3693756407936477,3.1761350904478567
0.96586169197893,1.5443657203862091,-3.8921491521819953,0.008131999410929458,-0.1631866649915199,-1.3241323060695436,-0.7801564905425576,-0.19181671348521767,-4.234799448692887,3.1969195201147613,3.9227937776505843,5.498436369162891,4.588922554529257,2.013730429958152,-0.48379809692342857,2.754790551137839,-4.596234689510914,-1.6356651798283948,1.7404969501971737,5.671751771665082
1.8961183264735126,0.010345833539590066,-5.842450591292848,-0.10075524892261922,0.2727925112675855,-0.037863414575552756,-0.764932977113099,0.10093080313546965,-4.071561837796443,4.507444814208586,4.6305592597900205,5.81026059211358,5.624653280424488,0.5969250989400785,-2.1679937330571084,0.43649348723499626,-13.799213950351636,-7.62168684210149,1.3101134626414115,3.0075443145517404
1.124386598719226,4.279908655384528,-0.6230493010762017,-0.26967407696217793,0.1753851767599548,-0.5333593144458675,-0.851577545070949,-0.7715013109677049,-3.4702718542205364,5.295195449105101,3.9252182574492034,3.663755484203036,5.457157924148891,-0.6381097705984642,-1.2071487172220852,56.28896942699807,-0.2518241350549065,0.0860139883547944,1.1628725011998489,5.491042134445747
0.764242891071891,2.004138911601068,-4.988975479857052,-0.20119497207218806,0.685468775611167,-1.1168340394617016,-0.7080091355896411,0.46897867873631927,-3.538913807274769,3.576372341002572,4.839538102032239,3.1935082605059386,4.704409848777555,-0.6722605299168034,-5.675168990008153,4.444191524136966,-9.146451883416212,-1.513004023207442,3.898089382570707,3.1131473493585116
1.4324240654050602,-2.8279975022715442,-0.8976394617738959,-0.5343666519399153,-2.3272210165146525,-1.4547748890596741,-0.8075067614019948,0.3911908961530004,-4.5488734077990305,5.72913544624706,4.145197728711791,8.500422306151275,5.47387833926482,-0.7954209720712646,1.249712857210325,0.3211171641279342,0.2221867708832439,2.293084126134875,-2.1728844731799466,3.052674849956168
1.263834787928692,1.577312975804768,-4.7959400136005135,-0.41113984734343034,-4.747084412578995,-2.8651151006369657,-0.7142592057124593,1.8743463789032626,-5.4675208544230145,2.7629078198025625,4.45789931065013,5.008009746339384,4.93966395615995,-0.339605012490884,-4.652389613710967,4.637089486042917,-10.469192639149194,1.1660123908539755,0.4046254278000844,-2.379795903362368
0.6241349063385325,1.568586049015708,-3.625567018973131,0.07238812510898873,-0.7004653633595226,-3.3962058489164186,-0.7956127518319419,2.126212316386603,-4.254010471745532,4.496886739659412,4.551987238853097,5.722497985280338,5.977466607117849,0.7423465089085259,-1.6907231303789958,3.964654721237087,-6.1393463257765495,-1.3278081841575564,0.2243442292710383,3.8463699227175665
1.6722263327870523,-0.4926535514656494,-4.123535723004033,0.14352025585525252,-1.0505171682890695,-2.3478930612025812,-0.8784506416625972,1.8857623161349149,-4.322384703001293,2.1642055777751104,4.932228014466275,6.042534370549001,4.890806253391459,-0.3356849790434005,-1.2754083654443196,2.0030438569804323,-6.820513772325722,-2.402789051977331,-0.8631930010559554,0.6985458604297565
1.7162279828961249,0.3660816762760176,-4.381216464164145,-0.2860953344699323,7.488831937213355,-4.654509966654533,-0.7618189126760169,-0.792193162682831,-4.119080803977017,3.521144150109558,4.407594184643761,2.685728218606735,4.462491699873314,0.6222415131560759,-5.579875988029633,2.2827560901161945,-7.266739547595585,-1454.5329559413935,0.03197919320543957,4.5585593386590375
1.3353168967468811,2.224696138087644,-3.77010487323414,0.026844972236453657,-3.7655060719284155,-0.6011121456167272,-0.8376480082861828,1.8509006804638233,-3.6652441011825867,3.751617779645489,4.131877301855306,3.0000431317631078,6.7782159915750615,-0.44566955952241005,-1.9561889707584712,7.6906319539137575,-4.839315092137206,0.97321483109267,1.0254809870727062,3.1034051895128014
1.3549974839392247,0.21194354069723031,-2.6348590896570494,0.1280742083130304,-1.3696915231564448,-2.711181637942727,-0.6938049169270218,0.7447165980267381,-4.12271569896247,4.521022614070942,3.957758064690457,7.43822536625224,4.538176586141877,-0.2278259769871544,-2.8141087544516843,0.5609499669320407,-3.1181426099265432,-2.2001349187302335,-0.2319396292345277,4.869589920570727
0.9003398332110033,0.7340372907843333,-5.254216416778174,0.09618778184589627,-0.1975795394158355,-4.978852543777158,-0.7890486185486727,0.9119437783471347,-4.645230557973205,3.652701290004233,4.832799321833546,4.150743040888567,5.832951258565916,0.24478250641935476,-3.096016938070833,0.9211386891714902,-11.62064694441193,-0.9695608636763724,0.15360019183375917,1.6378897637910987
1.2972702388936765,2.026323814826018,-1.8984166141759469,-0.3750176022942151,-0.0435116932277384,-4.88627863420448,-0.8506373536678745,-0.1980869411654297,-3.5247124344550116,6.288278132987397,4.282504322528208,6.266405584691096,5.982105469562663,0.07561433723794625,-2.7549692734657967,4.995580244297524,-2.292661373909606,-0.20022934168463802,0.7266862326908232,4.097255393245084
0.6339682811995679,1.8886293766064552,-2.5930756829347086,0.12887481125788036,1.2344534683934727,-1.6864226315525102,-0.8625176991496976,1.8774311765188592,-4.7049165436445595,2.8204809655330987,4.213671119685718,5.7341225894303385,5.540168290690763,-0.4014496997328423,2.3640239441135433,6.589478863712143,-4.575361777167907,-1.4844083096632454,-0.15015746752272302,6.3362820708342635
0.9128184351249872,1.029039981855971,-1.4392632504239118,0.11859317867022345,-0.7152528491739737,-3.694294451256164,-0.7125898469679656,0.005813850980152635,-6.141486562011115,3.9461111860508273,4.115133948049386,5.188472736960875,5.686930056357241,0.9078612806838147,-4.901235647022718,2.5893427889129783,-0.8131509385378973,-1.3360060006005883,0.9715263517950936,1.4642337017367713
1.6927059376785762,0.5050228938772272,-2.3514236864451536,0.14485484983064822,-6.3946124797771775,-3.3491835958675598,-0.808594019448783,1.9213364609937051,-4.62659503138504,4.829184582743422,4.219537494841721,4.355995107401616,5.89648069506215,-1.5057187731496042,-1.6208878487061895,1.0700380830883922,-2.6938748938175414,-0.17462476946298575,0.8036561621479029,7.814234484956871
1.8311107570066072,1.017051618249706,-2.9047108515211884,-0.2925186570515183,0.24143897141669213,-1.6035263859269042,-0.8624990344195563,0.912315108057284,-4.094830946986145,3.5470456676407234,4.44699931662799,2.7480288904121846,5.849308172869054,-0.6360937625518779,-1.1497287731206993,2.1490232300839707,-2.7049563023698893,-1.1408780786734742,3.3512066099808977,2.9491023241814744
0.9438594895647643,-0.7518833162630503,-4.1750548349739995,-0.5100177631525546,2.0356261101358175,-3.9693347955915916,-0.698990756759354,-0.26406219023237465,-3.8182326909668043,4.455181113668212,4.1834520678966,4.409699144133171,5.035698169024287,0.13683639292396688,-2.6571393458108425,1.2613169953509902,-9.169826661415705,-6.769139796679947,-1.9905202907413146,5.451770104132072
1.6144871520025368,1.6660681574943252,-3.9533189475868564,0.0070390630996819414,-0.6723184343591669,-1.4425761248994655,-0.7430298894121958,0.27401323317957527,-4.211355417883804,3.2253314147603174,4.336764236723574,4.418635644993272,5.5987144991673246,0.6880126671807707,-2.469253919649368,4.0549105487862125,-6.458451915333412,-0.90853230487287,-4.2422584854148235,2.5851609368816955
1.620884088090098,3.2917016360496687,-2.8551072134970217,-0.0376666886316932,0.08491256812842407,-2.152445340220663,-0.8359577372777002,0.5978855968926537,-4.806732282813746,3.4141497832492496,3.9849260184066644,1.1028369906172468,4.257459475939015,1.6550376126003248,-2.322505319890864,18.38130256695154,-3.473433146090299,-0.8864640285562837,0.7200727523356255,2.8266450250326107
0.7891604741289777,0.9373103541756592,-1.4946308207244843,-0.19772340950738765,0.1796980712217623,-2.2904282054757314,-0.712822795077894,-0.24030882865661563,-4.895345069574938,3.8171423438597927,4.7287497823855125,3.855489401056328,5.1855092922195025,0.1190181997960292,-1.3789821991602407,0.40064233708749164,-1.3927782891557798,-0.21986658542676474,2.8055707095083493,2.8173375561738037
1.6918383130986452,1.9429574474567102,-1.775291231919022,-0.4003671426250731,-1.0192252607679617,-5.161314161504436,-0.8401693064897893,1.4238265953677716,-4.792240821726102,3.346332202717586,4.538776524091689,4.375911642614934,7.1825972740966915,3.3421027307576874,-1.4437781897146929,5.229749149510502,-1.811806512604768,-0.8005028500105783,0.10146397536089402,3.019658494860282
0.5878675753821851,1.796558478213693,-3.1302082077090847,0.20017901961649331,-1.641251282811532,-1.8539527097574373,-0.7717173819841276,1.4403058307426608,-4.499333035160104,5.699269578809875,4.114039959182294,5.6875720841127375,6.007632022319258,1.1289045095746069,-2.4291925244070955,4.69055379469835,-4.103047826908803,-0.941770433214896,-0.3713653053211521,4.830144574610383
1.4076126958370618,3.9313311342230697,-5.027705992528508,-0.1020391756243324,0.26570462538844053,-1.5752819235082147,-0.8216916001405778,1.135200595086598,-5.064395436544035,5.157332631689711,4.214238493453356,3.368078603633995,5.668752376221881,0.7543956644754641,-3.454796293979526,39.96754417077352,-8.958954351763692,-0.7575062231064336,0.1850162744978583,6.071776629041966
0.9381944721952067,2.1788617346361567,-1.7938378191081037,0.1577399885117995,-2.7253089094261,-3.4990541372468646,-0.705146335005587,-0.8647421086127394,-3.588796186440745,4.49803439346176,4.447595151581264,5.389110215365214,5.843691743519099,2.6649672285647124,-0.2652729194724026,6.278374560123055,0.3015599320112994,-1.233191731499629,0.6196697453566047,4.307504396242755
0.6726428534952442,0.025201828766030943,-2.567353386752181,-0.011325960865346096,5.185118070533264,-3.547568754564314,-0.8517073578357485,0.30762202935347993,-4.493457285501662,5.263174161138628,3.978777284313482,6.487504638149065,5.675570322378321,-2.2454135548628478,-1.437957788277805,1.5601982197187616,-1.2578787814648815,-144.30166630274226,-0.5363565902592476,3.980005155199938
1.4763322502387932,0.6058139210069118,-1.2817019056305532,-0.195149934899443,0.39693235863338017,-2.7673011590146834,-0.802811927343567,0.19775091684723156,-4.45590547611962,5.655511165864992,4.3637909246290425,1.7126225001238176,4.897668534688561,-1.258794652230086,-0.7634547155613699,0.4261509279327307,-0.24746686496052506,-1.6499368454014363,2.0935742533362505,4.447819247880498
1.4098592134011927,0.1556688478999093,-2.6481187607137895,0.05118723680347237,-0.2749383349449206,-1.925752198561126,-0.8721870175102931,0.685302488334439,-8.209584689096832,3.4555059376713007,4.295038409786458,3.0363467067731946,5.62988891823497,0.22245858201216187,-2.6493182028360205,0.1970914248621224,-4.425297892545672,-0.18323330237360813,0.8673909397904815,2.9350897803715346
1.625530607005174,1.8920635964530792,-2.9301925712090777,-0.1485371497837577,0.32652001828938404,-2.281005828037467,-0.829572610625501,0.43053430509540447,-3.8310172170764156,3.7894535208641362,4.377902802168242,4.939242662413273,4.818782523994086,0.34852457997199277,-1.5805218756768875,4.172043985220851,-4.16565448379788,-2.1270202701765775,1.7961240331999182,3.5241171142091305
0.7824002585749469,3.023022225832781,-3.711776006163222,-0.5722106948404471,-2.3829044188143835,-1.539539851354856,-0.7840917398835685,0.2596987454586659,-4.000052584234527,1.9735343038674225,4.503277059991442,2.824902410260809,5.775856726818782,3.239061116339946,-2.1634973121502585,14.887286793008318,-3.758717928937259,-0.9607183224685535,0.9488375928085385,3.124213933072621
1.5726991543835422,-1.0091138779321818,-1.9539262480836157,-0.3808483049279734,-0.48960238667765715,-4.683366043632604,-0.8682916067794356,-0.6599774142986932,-4.937329547884567,3.7194310864062037,4.007228917372566,4.526964985502517,5.599812342391895,-2.0145057527259436,-1.0541287204054188,0.6474350732710863,-0.23090976054873846,-3.6953729823653103,-0.19622929844498302,3.610267535597388
0.8747698230307447,2.3669268114722897,-4.059514353298413,-0.5791668061689887,0.009788203474760171,-3.195006769183509,-0.7667695755672649,1.9392566120356944,-4.1722884731755405,4.825580743833872,4.421655331840336,4.8954295727668296,5.788710377816226,1.0093576383911795,-2.8320244620854407,6.262041003061923,-6.584142164613339,-0.9810795009165902,-0.1487325112364459,2.215942278289591
1.522288680609736,-0.18544219820872732,-2.302883179520742,-0.10942955663275555,3.1771027382677794,-3.6171924492991696,-0.7852464014564211,0.1946813403410954,-4.438438612521684,4.990174143729069,4.875507044468744,4.539693497111377,5.242640141364996,-0.8512587241988462,-1.6548160083129462,-0.527931619079833,-2.5997155853838354,-19.25732919998162,-2.0391680220537056,5.879786723713301
1.6220288738317132,2.085898283489558,-2.7720085385352355,0.002323499274551666,-0.12196889953330842,-1.4445791411538509,-0.8417404524905875,0.22119592734065563,-3.9489557433837557,5.4217169962514955,4.102713182056008,11.113788407556314,4.469220384443614,0.8503583600303712,-2.331918748023399,6.720648562767395,-4.891413652751071,-0.17285676604590933,-1.322962766810043,3.3979071436229926
1.9362618148091089,2.272864361726177,-2.3328343339735635,-0.4410451102453065,1.0301447479889494,-1.893173967050903,-0.7750329699739746,-0.23500817707350274,-4.880056823515129,4.2754230915370846,3.9179246284234543,3.9072626645949047,5.685200065039802,0.5524151711860708,-0.6165518425018228,7.950621535099012,-3.242815515385387,-3.2174500650004565,-2.965356247969184,3.172489339707938
1.899470228942415,-0.17399257584801897,-2.810969113151349,0.033183651672657355,2.430927433112867,-3.026059481416562,-0.7820852187371817,0.10981663852594137,-4.2045608569964115,4.373236252154557,4.25482616217235,6.958059155830311,5.2241242981796345,0.06958688708473222,-1.889082929934226,-1.7520434502857691,-1.8519310015239847,-10.58793513707574,-0.9626825951824636,2.53150985310839
0.6949092884382149,1.8910874997952454,-2.3868793511724244,-0.4918716674888178,1.7058346834142282,-3.3044995472656775,-0.7455914582948583,-0.4731009930850478,-4.967364512154901,2.4062892821513193,4.731287529388093,0.5909870786707963,6.196121970335579,-0.9813275575259243,-1.470117337103109,5.055647249713073,-1.33024986851511,-5.11970854359156,0.8071916117865092,1.0055017439299998
0.5350734778652666,2.946754259666923,-2.7677386507935307,-0.4005082348959398,-1.640713974725445,-2.8136689054523445,-0.8545383138059576,-0.12907753569395508,-5.095154353525924,3.317375216639232,3.9650691739386237,5.00308044103735,4.327096998300715,1.206914414406784,-3.27246673152132,15.500468630890255,-4.6241671228224375,1.99634809296779,0.024194243827608222,4.110217032598098
0.8658318857517622,0.14232732216649624,-3.890124998901519,-0.5999330088371301,0.42043778278753596,-2.7043886238625983,-0.707637638478593,0.5559138871162501,-4.859359454280554,4.974134927970508,4.140664036396453,7.322586574392857,5.502455814920051,-0.6080670106740216,-2.3034083591421495,-0.38246682869482995,-6.172497298201659,-1.3140814022704952,0.3269706807503924,2.045535727798618
1.4708080821751306,0.6306341825230409,-4.788890166408976,-0.057040629460086145,-2.9302925683131957,-2.0945415561948173,-0.755508919773989,1.9310649745729056,-4.59975451957166,3.710611757565039,4.314364067835845,2.8552135962529226,4.5725129209272914,2.2311582548932023,-2.529275271629844,0.009882632819968151,-6.983558872321545,1.4156349865440023,-0.09466856119078709,3.1937653632338323
1.874101791602561,1.6379346785161144,-4.53053664013607,-0.3597135191564708,5.315707478698103,-1.0070684767790052,-0.8808173891033176,1.6419951894409892,-4.624187318337212,4.463682334257912,4.3515396101542185,4.269373276549249,5.353773529666644,-1.2982788318075988,-0.8173068037127091,3.4852089015887344,-8.664053068580653,-165.51321959538762,-4.0109342303739215,3.4235609915868714
1.6902512478996186,1.9759741840792926,-4.038306512107405,-0.0888290092013716,-1.4961996327602745,-2.663407207351108,-0.7157131047121154,2.17858384885866,-4.298915974910395,2.4161403185516352,4.238203921759624,5.787168968589522,5.172122303211309,1.929229079492005,-3.8654639398228023,7.3028734065945455,-6.692296280802303,0.33628864513741946,2.54347692200223,2.2127700381894515
1.3355447642129294,-0.00575063808175158,-3.703620921167172,-0.1547874696019918,-3.6206770129603028,-3.5504613874886743,-0.8564913504049622,0.9793062997471593,-5.304612819748839,6.049815554631515,4.252171264946044,6.7910367418828095,4.748699039693793,0.7152591997696965,-9.402951070339746,2.2381693175628774,-5.622911159522737,-0.6470326827523496,0.2791944161091323,7.165678222834979
1.8803247371980365,0.9459494925080529,-4.378452973408544,0.03170946867088742,-2.8484507463866837,-3.284455838876769,-0.8422748154905823,1.1681815036226935,-4.410046361297824,3.230280361870788,4.447796190332843,4.063955523696181,5.533703293292019,0.0408262613610324,-3.346945950868595,1.9970886558814815,-6.980255474560523,-0.5984199174323778,1.517841687089023,3.5692785100429614
1.071071784586274,1.2838533934304626,-3.713643094757646,-0.35929117059818777,-1.090449555374426,-0.8735296417767262,-0.7290167063470867,2.590360864333631,-3.138669889019857,2.0445101118494247,4.813432804853093,3.866563906610256,4.541797911436215,0.6758244884173586,-2.3633811485475955,3.684281025069115,-6.72535414393836,-0.4804927592419527,-0.29057330535722087,-0.36738108984450846
1.3174713112291476,3.448651141985231,-2.9680356548697304,-0.4417846720548917,-1.566099383088333,-2.891831601377448,-0.8495536254617982,1.0764764721770788,-5.145872328499183,2.424023773642795,4.246261218359629,3.765826130574826,5.474955984343736,1.0332355941449085,-0.16559868541587797,24.759112417647046,-3.390499207838328,1.546615720452124,1.4751000181076974,2.653829949736997
1.080036633791993,1.090951226150029,-5.036105092579419,-0.192478240932548,-0.5660257367997951,-3.7304881316630594,-0.8440020216572804,-0.7930429218720643,-4.5451991424613905,5.177053766875719,4.124089448594237,5.424596703336833,5.549027081658769,-0.02138670232781198,-3.9252822545179438,2.6247247108752796,-9.494774595050337,0.24266095712915137,3.676958351414831,4.798755159577811
0.8701602836333808,0.21881882256611362,-2.347567626811912,-0.015456169556877786,-0.04828339857609598,-1.9982921120549095,-0.7974440391509099,0.8789162478766097,-5.862061203565555,4.567291673795166,4.0037257320770685,4.67919990159713,6.043520759073548,-0.22495820623138232,-4.745158840159592,-0.057877775663893405,-3.0317701106964083,0.6024059034043476,-1.2479733104369055,4.706259554411393
0.7961307450939403,2.8483887545899025,-3.6343062021731543,-0.524077006837788,-0.5890697367360838,-1.0517068158019935,-0.7972440331233013,1.6260098937634386,-5.128145443628602,1.8299563556185974,4.67224875631045,-2.2077619004005262,6.050457579580588,3.451965150668075,-2.742661389433237,13.20063569298036,-4.0287986036616,0.8205673658721844,-2.540464940001231,2.461853008117492
1.661918696849107,1.4101515661668513,-3.2177164801100195,-0.4697653918719738,-7.52796906284221,-4.031958251415164,-0.7160374786575026,1.5419674799362335,-5.905340525964391,5.030621711743422,4.61579537684901,6.617567944706941,5.7025972171663195,-0.32591622979784324,-6.045751506784862,2.5337718542418908,-3.393499400496083,-0.5769447040572772,2.499737640133918,3.912301825143111
1.2342577055410393,0.4344338068371344,-3.1776313190236505,-0.6008589562053018,-1.0647812699938892,-2.0969961375973294,-0.753860991195768,1.605404066498655,-4.64565496121536,3.4821546593044395,4.297972175541733,6.624721494404935,5.074199456034673,1.3649096910484408,-4.055835879396694,0.38663269180827176,-5.37638914922441,0.9526746014667057,0.6510604556761743,4.076492017810096
1.1955003054919686,-1.6640036674418082,-3.285640158033284,0.17174345806977298,1.990328965788545,-2.085179589050648,-0.8772243122755998,-0.6381849659875121,-4.120431902458811,3.373593607112262,3.98801787808081,6.3837361440102764,5.7844579384654455,-0.25854631172869635,-2.373726688890828,0.23862096144099887,-5.514940783824002,-5.329209514473393,0.13654569118428636,2.059106081463581
1.3443469372609045,1.521536421663606,-2.7501929252179806,0.016483224224853377,-0.7802152683947747,-0.6698148833613382,-0.8052952434935291,0.9385267011038678,-4.332131792938632,4.314714194163479,4.226078855100067,3.593658430894119,4.475425262223202,4.006190119054601,-0.3753886113659841,1.5475354786360025,-3.1234179031670224,1.6669795394884517,-0.7894351872971498,2.4773555932095688
0.5627369214808862,2.3390042071895136,-5.291876002567015,-0.5491559015681476,-2.602091634549195,-1.8359578781933914,-0.6933510917785234,0.818673920177623,-4.353317167329457,5.153507957483342,4.4215702147800995,4.74438399588077,6.200550485793078,-0.040866165379247144,-3.3147442878317896,10.105100164280632,-11.878001799625835,1.6262363528747794,-0.5313146959760382,3.964747730494435
1.2439100266075833,0.04996806362036432,-2.099160266270518,-0.28820920465110067,-1.5283762174336704,-1.9915311850721409,-0.8015859108791203,-0.6606089427644956,-5.414965181368708,3.8236447475649493,4.142581778217396,2.722668987586932,5.427081303363596,-0.5308514518671611,-2.0495761768756893,0.46733316413805737,-5.746826420649834,-0.19035197932174014,2.387216809974167,2.2249494851187244
0.7773977443965289,1.7949253538607544,-4.727929114232179,-0.546751355529311,-2.4842657100797636,-1.8804617322447552,-0.8423561307981912,1.3667432690664927,-4.245518976569259,3.266573172096112,4.278355101931944,4.147295609781614,5.173307194095383,1.699469925480188,-0.6453119296034,4.390635092754505,-7.468887201109117,0.04566809831416754,0.062150089506092535,2.981134206444243
1.6576181199572861,3.0357752365902853,-0.9484371024556983,-0.2938980060091256,-1.9638391633811851,-1.8418934524453137,-0.7826576634369455,0.054706740812602295,-4.525197127291353,4.713456578825639,4.021392649790854,3.964556752481152,7.261227886276534,1.4416865699348618,-3.884364941514913,16.306273951505535,0.10264122703595369,-1.1307696552632458,-0.038485948604251,2.4085463389757638
1.616100014540269,1.340962897626092,-1.8033143296285468,0.14830836494961885,-2.253764641201237,-2.8131893922624656,-0.8354364256596384,0.8454413596574792,-3.563627354414375,4.2474680468368025,4.465063097188682,3.2874784479130916,5.757593930237417,-0.09040383866908924,-1.531237315960351,0.801365611330666,-2.6582436823750246,0.12710746883511403,0.5255284538711593,3.6696871782071794
1.650129303399655,-1.1517904264424277,-4.225522595025337,-0.45153385431875415,-0.3674970282772526,-2.6542193034719794,-0.8837830737528358,-0.07805673033166682,-4.757556152690359,3.995769216479824,4.9490529314495575,4.276166935630357,5.648880245006868,-0.4790497069275927,-2.292747316521461,1.50351296639233,-7.205925447801032,-1.3917039823506783,0.5872570727344706,3.878355075301326
1.13090351108302,0.7000155791937122,-3.9589148442357907,-0.06129649837096529,-0.9121169692865536,-2.0610067617430174,-0.8455621764403488,-0.14505678651600973,-4.132920148523819,3.8097236167863935,4.223307586945809,6.223549479278352,6.044465506852964,-0.8198198557310086,-3.3312881501256872,2.5466116375798986,-6.438161859221612,-0.44836262891619727,0.5436155054553988,2.1334006003133963
1.4236078591289916,-0.04188070236300989,-2.9388436230175556,0.049043503520223686,-0.6690564460298981,-2.864411296365058,-0.8005805618802825,0.39781314331272744,-4.333694501951413,4.637853216327234,4.532344744797658,14.12059835041436,4.932428025834699,-0.14891871987479086,-2.1478282340255035,2.5543385997794243,-4.534529800228425,-0.6507618385899938,-1.2495316522269924,3.7616094402148796
1.6791542222386964,1.1478838613765816,-3.8958633298668897,-0.5987645040007296,-1.3422293432445758,-2.853626825948079,-0.7867816103832351,1.2401401920694815,-5.194371148262337,2.731743105429273,4.177442200990946,2.3903995581022417,6.847635143689325,0.01185329821047909,-2.7441957077131405,2.2603215195478836,-6.231545139679258,-1.5123373254529722,-2.051987186898272,3.6005391684457067
1.0460253184826644,2.181775172159488,-2.2367761746185963,0.0710951103785673,0.7311599158233106,-2.729157358060013,-0.8462274455730036,1.1637304924451102,-4.830792299687253,2.9582096110461578,5.1187418001685465,3.5294009477181785,6.251707487866126,0.7662006302615781,-0.9445353512476837,5.823277871250176,-2.9604903026124223,-0.6447816262758744,-0.5168721256356077,3.3399559000080234
1.092970920099069,1.9157860758573961,-1.9451293517550559,-0.2097640521051108,-0.06082010758597345,-0.37000869301733985,-0.7582918246756545,0.4266114124096385,-4.482208715749686,4.339503247272946,4.2787215337475475,3.137499371920567,4.974497949635553,1.2482751958187137,-1.3584974558941063,7.100851388460872,-1.1526466011541971,0.2869473569680939,0.052250494009023984,3.1762780096715946
1.461380427334793,1.7534255513087442,-2.335945175864406,0.06360954764157911,-3.2162167294857484,-2.7762011671278195,-0.7586766095113237,2.4934332883054586,-4.030705696568862,4.708323197249446,3.8026373225378323,1.984040257281284,5.711725139626636,0.07920441754680546,-1.7580598505850238,2.8323819577347775,-2.337626183501019,-2.5134150146723524,0.645047502018458,1.3553434643250535
1.7059900865394204,2.9483422891651005,-4.385136395402894,-0.5826029358157159,1.5281358044441902,-3.2634241220775184,-0.7793944307684862,1.124635121826036,-3.815693758294837,4.777094996597261,4.3410309015685815,6.680069984474034,5.716142558435459,0.9494620303686483,-3.8645669229191633,14.784911590363924,-8.018511181324813,-4.058317945923496,-2.2120720939464142,4.6100361931438085
1.4208785517443001,0.02022288634743674,-5.307867792603409,-0.3183255710573301,-5.763957037300245,-3.505241643135987,-0.7558460621778187,0.1289096365340856,-4.538405256132766,2.636424421299555,4.374168057517823,0.056052587856414426,7.225612450758444,0.038808134835518635,-5.937774699709557,1.0776584491249461,-11.782084971926345,1.6661559154930285,-0.29002692002567526,4.597900131670297
1.7210845889437327,0.8406500466961075,-4.0485348228695965,-0.11095354039584693,-1.8894991679519013,-5.509813048224508,-0.8530216792341586,0.7278413840457432,-6.728730241351821,3.347411378968581,4.053566511793304,4.992072400582094,5.247286373038132,-0.02972775075602796,-3.030859850847819,1.484257064904157,-6.262859397541226,1.288326943351062,-1.085296314519098,3.3379423236760997
1.7574215199714416,0.34424878412449345,-5.154358185865086,-0.2655048982059996,-3.8218786919846752,-3.2709791413532585,-0.8677827619964358,0.6557392636586197,-4.917118756126474,3.754496060281198,4.07602939392307,5.755182452706667,6.320977638542363,0.22543007140933122,-4.448628761201934,1.0843825344844262,-10.572179273455536,0.2564696457013534,0.16531878356667706,1.9260773469882677
0.6589702761665658,1.3856825053917028,-2.300547114629604,-0.328997275780876,0.30029492858068485,-3.0187540817682486,-0.7479761168098169,1.19543836850319,-4.263874718330337,3.850787795330037,4.4661938928620835,4.080669694335415,4.90921109841998,-0.9532350376329974,-1.685922370107213,1.7900801378778015,-0.9934017387625118,-0.6460030868421716,0.8783236557833023,2.8754903845235704
0.8254369268215609,1.5968048272960151,-3.344142766056315,-0.24488431361002166,9.48012675361978,-4.016512220041263,-0.7966627978125334,2.109434462599121,-4.580964803472036,3.6469316005705372,4.630835201386532,-1.0864574824914515,5.248182938870068,0.4873568673706723,-2.4823874429308814,2.6475322294878394,-3.773108561428222,-10653.79415171704,-0.42107914566823385,2.664624323152502
1.421443974332211,0.31038007480427776,-3.1692479829502007,-0.13704115924935556,-4.876763530945609,-4.197892102996197,-0.8043085105340284,-0.4259760375197621,-4.282327911000822,3.1231456015559176,4.642247357219617,6.0850209444058105,6.008864676893067,1.0312134839813187,-4.176111218339215,1.6484117764198332,-4.190974365746862,1.9488650523249844,-0.19591439335473665,3.010714504763212
0.9925584980138892,0.954469764210118,-2.4659568511943926,-0.5766541413583621,2.5510722153431113,-2.731472927403279,-0.8691738132087827,-0.4478125753264327,-4.331462254205138,5.933016128625313,4.800990119993681,6.156734261149146,5.115932522310052,0.162667126430599,-2.503703668636038,-0.6208509595256779,-0.42294247396107565,-8.440887911869309,0.08748464784595773,10.064970788060617
0.9527584314177827,-0.5296833166476973,-2.689584288408321,-0.16412750434647005,-5.126077015979683,-3.8290056068233778,-0.8616999783225554,-0.32050652922201317,-5.690395129523639,2.9368783589642717,4.035624750900676,2.2673303989646088,4.851073235962262,-0.7029391912722089,0.1230972421668608,0.7766377952823924,-4.049739245109791,-1.2001317524028778,-0.23933002706705336,2.0354351584333585
0.494203145195456,1.8219126493401039,-3.791310925447119,-0.1638275301576375,-1.8875176030032585,-2.3920180670424593,-0.8062966725356753,-0.04681443307500688,-4.649080681278738,3.7396951357069517,4.202351480657341,6.341712108812242,5.155957225244938,-0.15292552605392007,-2.2309833674551633,5.705196859753193,-9.925658270430198,0.8927865892403519,-0.9435777201780765,3.928556196298293
1.901724691428573,0.0763065542510255,-1.8627770040316787,0.16324414204948623,1.150516330274644,-0.7010091819784332,-0.7416064780249841,-0.34267008991336934,-3.202128773043957,4.230288978759227,4.153488516994587,7.8590887949105515,4.861046576771079,-0.8057232306096422,-0.41251401958045386,0.30273992294456553,-1.2014277744448578,-3.106872202640485,-2.787991164747199,2.164120843946693
1.2182167683418639,0.9052388565438901,-3.537832378084868,0.18358044692198439,-3.2625434602062513,-3.0869558660288905,-0.700825757797146,1.4649338663002354,-3.985110716254684,4.820464646809322,4.105266161277975,3.679317021660972,5.1948156022361465,-0.06129083807684216,-2.599944819367672,1.6475141381142087,-5.29407705048927,3.380529378135355,-0.5581979735395203,4.029922385236779
1.8898926429372895,0.679163595258269,-2.5599430140462953,-0.2660205102828087,-1.3939449740488872,-4.611512649826236,-0.6961118877179695,1.5542702385300249,-6.97775165920342,3.128700702652467,4.271562376810182,1.8088407822085655,6.94591403697493,-2.3777311027077683,-1.3431327640125752,1.9447510613601924,-3.296362230558282,-1.0512572842993688,1.220348537008067,2.5080721806744606
0.6531141880965414,2.2680170662365815,-2.1616035520781356,-0.3505963889238024,-1.2412843674237628,-2.9430789904993166,-0.6868823283630958,0.9951206093226777,-3.568675399797427,3.3932109060092737,4.197566476921398,5.256882614065285,5.454201936923706,-0.6253707564099268,-0.39197263882432165,6.113670859790616,-2.4374962687624406,0.2538200304801712,1.1654683906918744,2.906521139239699
1.6108771613023263,1.2031402253825356,-2.447086781953149,0.06556361220573059,1.5133044000298899,-1.7457907821823502,-0.7116842840353337,-0.2770208238490085,-5.334263123242272,4.551424254607825,5.0453545707687635,2.9428380910591656,5.353009573061343,0.5964799089410684,-1.1729735360807803,1.8075468750678723,-2.4774211613117636,-6.179004208479865,-0.9591531666842921,4.190643320008745
1.3051618613008835,0.5382710087371352,-2.546553651837122,-0.22221439432176648,-3.16360746034782,-2.328312543547956,-0.8451446427704332,1.6308978740920894,-3.96183219414477,4.423850771042329,4.521155827126848,3.5455526514350524,6.46995745496058,-0.34787534681734533,-4.345056275403051,-0.8414079782947721,-2.63495742250411,0.07076288478419268,1.3975354583907713,5.580007173309424
1.3274488050309017,2.0302041286506283,-3.661094167906181,-0.5896046201753379,-0.4403871896059952,-2.7697780850826494,-0.8164384692891457,0.18110874876519323,-4.180670154452395,4.63674540561264,4.25439803191788,6.524156070541363,6.358295070082362,0.435384886752815,-1.6593646235914985,6.104998892669888,-7.198913402817486,1.241689132282082,1.5501920564137421,2.4179183387947476
1.6524490578732054,0.3156557075598654,-4.060388201543885,-0.04135570458246074,0.6630485685512937,-2.8905185540001694,-0.7534257993136203,0.15481523090252902,-4.973659510290754,3.509124029394703,4.0736426397564145,4.60329913452836,5.640288125498422,-1.5466187231199935,0.45113660860017113,0.3820198276516469,-5.5921982913147925,-1.7339926306904256,0.2664542979749406,3.774817366973468
1.513847416107557,2.1354550681649105,-3.2068893016475903,0.02955887516112843,-0.8676988516321729,-0.9339460028655584,-0.8249112306269006,0.42658750428003334,-4.268417515980055,2.8705655450044207,4.118164314116558,4.4606023219354975,6.264891763964241,0.9198412483375175,-4.809014142640082,5.295756300313627,-5.11244141466166,-1.927565843416847,-1.0989299086457283,2.1254255723975737
1.4249017177192111,0.4693506081960318,-1.6492180197282886,-0.13207790125707253,-0.6255283247414909,-2.161176011687692,-0.7372188895824108,0.5563215158817008,-3.5913748275769843,4.400419754180656,4.252935092809211,4.364073999157862,4.504129401106586,0.5958459080932924,1.3637976319458647,0.17240286494356893,0.11108181886112334,-4.698027391737429,-0.9118239502433385,2.384737115508103
1.7269045611075715,3.147683741417184,-4.848015155201051,-0.304720647611853,-2.8846521375993324,-2.1729429416599984,-0.8149302246524255,0.4454960825322327,-4.356930707192854,3.10833539464317,4.454666638074497,5.33475429955029,4.934252814428797,1.6661469230017394,-5.299159448302464,17.404196584763454,-9.148601647001886,0.36654858358804676,0.4566241944159946,3.110881873890942
1.7380110137859068,2.1971663262947514,-5.357134440362903,-0.23941953680243533,-0.4605301971732061,-4.933610346377007,-0.6885030460882848,-0.3265483626131155,-5.463266277359933,4.82448699346819,3.8955419822895028,6.5526423585037445,5.437599174893753,0.9920401658560327,-8.267697262998777,6.607634274467795,-11.715817327629535,-0.5123458431739969,0.35480643527008304,4.503382578655688
1.5376495069992822,0.8175475825289098,-4.186329894326682,0.04644169818146726,-0.26365883981657134,-3.441257768424572,-0.685770550753674,2.682180822614581,-4.835804929347109,3.970675033660247,4.131638691471283,7.661645175933077,5.676542983863284,-0.5588212529009077,-5.194795579190293,2.578993126385386,-7.213744256062919,0.817836584844266,-2.522141666708163,3.0357340777608806
1.4522687639171283,2.6523989979226266,-3.205353897974834,-0.39612276618509473,-3.467573672093266,-2.8433672381313806,-0.7878491760203821,1.1184156779752445,-4.091838983034188,3.7533587845003353,4.223129760560524,7.549026384843504,5.7007608858621115,0.47893704062959036,-0.43421556411248075,10.525754844092011,-3.2833405343373885,-0.7254035501456714,0.03967077286463731,0.6173939994263082
1.945505432038696,0.9774530545539879,-4.122187573427501,0.07201437908317676,-0.5201276417777456,-1.7152033469097316,-0.719956470045503,1.0337134754637525,-3.782128320956152,4.031603634972819,4.091557278978078,6.938033945750433,5.625610175840561,0.9246475041037271,-3.3151467154595524,2.7283409782078847,-10.469121768502058,-1.837204623760687,0.1040405814526999,3.6296724568487293
1.8145498102900035,1.4658862102337782,-1.9471215664456247,-0.6031740558486222,-0.3250023735542197,-2.5027879662738552,-0.6963256390347273,0.17302491907016604,-4.728895658535751,4.360296077391095,4.400878358626039,4.815872570471154,4.258906236495501,3.052957023289687,-2.750689013322119,3.1991287877444234,-1.0113708434092918,0.05724888657634808,-1.3271935961510415,6.2417219097688195
1.2067160628903564,0.6094229131317327,-1.399823220019269,-0.23036768360258975,-1.0140237897872384,-2.6000469256154135,-0.7395394277460196,-0.42621257006678437,-4.06522384050723,2.7725770892219703,3.940395419420116,5.978628376753338,5.950342318193352,-1.2323767739049973,1.471654930917839,2.2398676042436305,-1.2873232257332263,-1.5708566507835025,0.3105829768559024,2.4152598350529613
0.6618126161028762,1.7938615522181736,-1.9891651202584533,-0.44239808006196546,-2.2008140897923707,-3.081406936452187,-0.8669761303923641,0.7592650400664349,-4.182179080473509,2.7066671464688943,4.247967494407741,3.5360260653004985,6.034040583428509,2.7703686098919467,-1.3160144206758146,5.217854371341254,-0.7835588223481542,0.6093312920377487,0.8034595205363704,2.647918094346415
1.149600135851173,2.605669521297514,-3.635384750477681,-0.23007166989729605,0.5446270174459598,-2.6826283054209177,-0.8586006700956617,0.41755736411838673,-3.9357727127374678,3.2100260014470274,3.9914294682921274,8.067389534662365,6.633586886601471,0.8190331582949105,-2.6186797532260053,8.94918635615507,-5.097133307853072,-0.5623269839055128,0.2997589016536877,2.775518097294069
1.2457460283492305,2.230440166241112,-4.459500860478489,-0.552851866809075,0.7340360848640137,-2.731064694111135,-0.78107456509607,-0.26267984956036017,-4.250644555624177,3.8751489836241495,4.016636584413063,6.05666714016664,6.195106598068424,-0.31209104996504267,-3.54077923730826,7.292293884652017,-6.886330062499043,-0.8913297381126137,-1.313056620089436,4.276766544634788
1.895970506672146,1.3894658059273743,-4.278441707217523,-0.2058693505290567,-0.31289123158776666,-3.9096647745304445,-0.8644304561185948,-0.6746189130036411,-3.9862482698795305,5.646305156469364,4.767695667417069,4.258655655254637,5.101730364602869,-0.17359211487209247,-3.2461536387238925,3.559867788432572,-8.2655432581905,0.5474360065957147,-1.4318954246231652,4.153746340199884
1.7811842337062147,1.944360349209844,-2.1021699047770706,-0.0231198852173784,3.0390991611872935,-3.60777422854758,-0.8865260924184591,0.633963176273107,-3.667503266717737,4.291088499884447,4.067389269356028,5.794348392977601,4.641972008344807,0.3835121433479034,-1.0714317327431715,6.88471555650916,-2.2308195027679383,-17.948173616790363,0.36834943002404397,2.967977840439959
1.3525629860090185,2.514797399038615,-0.7440309984423363,0.100157581227305,-1.653778596815005,-2.4622721228262354,-0.748164987751391,0.03890039600361983,-5.065354928939927,3.1268742696333414,4.3712619047632515,4.750733280225793,4.90925020992606,1.802075699326405,-0.893211272135894,9.04083115198379,0.7508636218408657,-0.93311013340559,3.593233502912495,2.6961521269073123
1.7065177689508852,-0.388800348985467,-2.6597742947791647,-0.04628263699415469,-1.6475130233112838,-0.22008261529324535,-0.7305874377115399,-0.2677536202154225,-4.197146587428611,4.152896750381502,4.044035911050781,5.68147057340637,4.449655253494328,-4.194280530595733,-1.2382689397151654,-1.2767131864416013,-4.2283816470863105,1.5792291549610251,1.5533581143075375,3.48897457209611
0.6405086283513749,0.199529796350415,-3.1889520695896185,-0.17448535659400255,-0.9250065544095487,-0.27168350379923867,-0.7100752308025068,-0.1516724146480577,-4.425030022635902,4.625080197159752,4.5538388555708345,2.9795544552142914,5.850326451919523,3.178593059900822,-1.7493533415430047,-0.08255771950742041,-4.057885713042941,0.026290661593456943,0.616387540635887,3.8871383042879075
1.5675746632764787,0.6086759202192213,-3.290129367327036,-0.33861883259137193,-3.246943817184276,-2.5334713635450323,-0.7762697099219863,0.6765725942417822,-3.626743330068711,3.633895676031777,4.38297143021152,4.530604125725421,5.455083516587024,0.7769897785210292,-0.2735924889788377,1.4299989022002504,-5.7656711980085555,-0.8923323038500849,-2.3603437448349283,-0.7148351592107085
1.6183036838007445,1.8589923818048328,-4.83324944521639,-0.08164842817453943,0.7142553066833288,-2.445343648067263,-0.8457174578045551,0.18812488587718224,-4.494628207366252,3.9157931351931428,4.091852916153381,4.755812342973167,5.104926217432784,0.9257537811350683,-2.6063723870889532,5.40927129034338,-11.214450214188556,-1.8659508674745489,-0.8504685280388041,2.9212279532877425
1.3552658565166498,0.8249506771087758,-3.366815197647596,-0.11782851411348438,-0.19071640904846565,-3.741535058287578,-0.7274756259085421,0.9578978242777043,-3.8511676263792918,5.931380735261381,4.112841911938738,8.693879443544176,5.168430660928994,3.1799727656693855,-5.8782981444609845,2.835425872978405,-4.462739600488105,-1.0285129846906942,-2.545783175617537,6.254419660477987
0.7521799883593485,0.861791453087784,-3.1248650923443946,-0.5556682639736744,-1.9726344110676075,-3.3317697348664517,-0.8762438942869173,1.1709531719195918,-4.62207863694305,4.795515958631027,4.109915259342722,6.37088828541778,5.224628552081839,1.1742475129403809,-0.9770640058698332,2.1476000632580448,-3.3391104436958488,2.7670180162022966,0.48775633986913813,3.9841698305667164
1.1629976807121682,0.45910392015039936,-3.669995648612346,-0.5389822047321299,-0.002411783393747924,-0.2575473157299868,-0.8629277629849299,0.7089167828145504,-4.378204722309581,6.306452441726897,4.003217921802999,4.924544954073366,4.717942607858962,0.24486731572485804,-2.0442328670224654,1.7227908354187687,-5.551505189816566,-1.747541090351414,0.2138563497628036,6.936073929527566
1.9321977972537911,-1.4317639556271446,-3.118392549292046,-0.5937798602257726,-1.1791262653103378,-2.4285523765413224,-0.7860630737373764,-0.1681601290531125,-4.681133742109941,5.182529453961316,4.09198462084699,3.4462382610628186,5.776485172702886,1.072141334733691,-1.8577024258250712,-0.41090634264735765,-3.744173411215897,-0.42892765622950757,-0.5137275589184043,3.6222662286621032
1.597485769303356,0.3339460592003134,-2.925159587448305,-0.09535236093161747,0.49541461193072034,-1.031391684574413,-0.7785611803645907,0.24563664210259684,-4.9698411748955715,3.21731814263628,4.133310800274233,2.8570225582859776,5.065887791415488,-0.26992966097777976,-2.0939443526714125,0.5098050843175892,-3.0838774814702195,-4.551741577308036,0.9649203569277014,0.6187944632107523
1.1248625335645253,0.36835650498401895,-3.568589090314825,-0.03445233771019229,1.657120219112683,-3.0983844105972533,-0.7227249567092173,3.4007453614508933,-4.513590408157962,1.6959559712035568,4.107802403954149,4.967646860554635,7.199025412096798,1.5621275750644878,-3.2191651609650855,0.47497590899957154,-4.046856895385713,-3.8895285514103346,-1.9102561554269555,0.9619997847773105
1.577950864328712,1.6486549610011725,-3.3939975198400054,-0.22816361582987055,-1.1673048533846768,-3.215348230329272,-0.7286252020635702,-0.0016094070289101037,-4.813511691843461,3.571329037569288,4.252279553903008,4.772193638978085,4.976046783200387,1.4153044287557428,-1.7763192120150302,4.2599710493959195,-4.469767265792722,-1.4371431748905032,-0.2501423216879486,5.342119911045261
0.8122169188984448,-1.2568383347288035,-3.7631114390120883,0.046366388806792225,-1.8886938436365859,-1.9793767263571627,-0.7170413127357925,0.7463291425335867,-5.099652388656996,2.7449351222247778,4.445677705488632,5.1256758662568105,6.340093390735656,2.0792495037216066,-3.8026985137219,1.0910501132363737,-7.250160072587372,0.12221288978243683,-0.11891730550384744,4.567967818550274
1.3236876889324178,0.8614440005199187,-4.542020237529732,-0.20191830040463615,-2.4114363036527164,-3.896416466927475,-0.830090831068274,1.07871101470622,-5.052178317338121,4.656562520042906,4.686898437321487,3.641911630298278,6.415436886865054,-1.8579724092273409,-2.475469675808007,2.237179314185792,-8.02944087048115,0.9255677170996918,0.7629266322187731,4.6687731787743845
1.7182852733211593,1.7572493879608775,-3.7102115247586736,-0.171195202506143,-1.7934206159354045,-2.6252361140029192,-0.8498385574622379,3.57672249721065,-3.530003834970844,2.998314936789844,4.766366761112124,8.32175409884227,5.895170098481846,-0.9765556169925246,-2.587619153071034,3.9838873239471275,-4.44068537571976,-0.4269296995914383,0.8991436344553474,2.359024951087179
1.0377532471093351,1.2754999431345497,-1.751613412229067,-0.35399449601725175,0.6960170716693093,-0.637966584887784,-0.7817553876697277,0.09502315207909673,-3.7798963233141256,3.1690094651652023,4.907511888690661,1.0966607601442724,5.094651388453511,1.0580142126239938,-0.17502378120892392,2.523352605315904,-1.8088487281343513,-1.7692413338425361,1.4688687356571126,2.6771575205806477
1.5735983219761476,-0.12946671460600911,-1.1384918237161334,-0.25993216377240247,1.5216428814189191,-1.5105587340308366,-0.7855540788240782,-0.5508684606383464,-4.265778967042419,1.0480477330117304,4.553445434334471,16.23916760690184,5.333812935349253,-3.4225700628407294,-0.9550390317925219,0.15755362920897661,0.7044600265328563,-4.379939691120902,0.7431561962273584,1.1103802511981065
0.6458729865349297,1.327646749685294,-3.439557031692111,-0.4457570770882352,-1.913533148902355,-0.8841408012177763,-0.8140053405675952,0.5014784535798931,-4.426001195941532,3.087202772928311,4.274136408194547,1.7705356925161633,5.259244954503797,0.9717592373399955,-5.161553864925612,2.534330381379556,-6.41080101729924,0.20729601083043045,0.09784365611843521,1.7604866926941076
1.2882388074268132,1.9609873999809504,-2.7225596879801097,0.13410212287548529,-2.6119565659796082,-1.4824231142634199,-0.73889332503089,1.3298860202326277,-4.766514962444502,2.475708226407106,4.622904963495843,6.753708348247734,5.9216047665175395,-0.48634582323227515,-3.3016869161825704,4.809972201980155,-2.7367510455553927,-0.6296791526397354,0.45184443989350864,5.220331065514097
1.745759943224357,-0.48959968945739885,-3.794857567285163,-0.1477000380680198,0.8106238552218517,-1.3647925990308947,-0.7777760433796372,-0.898570876041563,-4.152275544360504,3.948008710397259,4.453166743047856,3.799200907990765,5.84459232041921,2.0564855349166615,-2.4973490218614236,0.17180634857019977,-5.087295829613185,-2.2960475727525558,-0.347448600846902,2.867330009291943
1.5480564726793584,2.4451920945185543,-4.965146095675817,-0.162549760086234,2.4412467354469856,-1.0110176272416385,-0.845509447453739,2.5802128670558946,-3.3985342340926454,4.10877564871136,4.69311903715226,4.146788121243615,6.191202226129569,1.5180777842409146,-4.384403047085045,8.209157078802802,-10.288642890037044,-10.249002478980305,-0.5498612737189043,2.4970436464978096
1.3778111456561626,1.803130627006638,-2.228302715597716,-0.4392467067453382,0.027712256144097558,-2.7661058508794123,-0.8657951892293805,1.313118600601848,-3.65346285440651,2.4034347403897454,4.008037464550342,6.902859264729235,4.875359525010951,0.6534102394079401,-1.746624026081718,6.7642261392357526,-0.14239126553915016,-0.5852119758996697,1.2104815227692445,3.1529436116811693
1.2377908653077998,3.1948470007387,-3.385281533623518,-0.00999274914050341,1.9030287812420714,-3.7204776611329295,-0.8789653019688974,0.8185469830186956,-5.203173075464772,4.201242428638515,4.583615651826949,5.746868967120668,6.181299766420617,-0.24738017471043416,-1.5281328701166457,18.93482553429076,-3.910623093367119,-5.350740156084359,0.3419329094541045,2.5821784890205666
1.3666888699744804,0.5816315037066719,-4.634466220575058,-0.3987079952316987,1.630703458950793,-1.1805684544518393,-0.8087521630532958,1.1446116455208752,-4.806665097823283,4.559769469949974,4.14689810532842,4.55049570852937,5.1384831954239685,-0.4358064523806059,-3.1565675431741913,2.5553651396949597,-8.355507798418808,-1.7149969784795354,-2.2536292391813446,4.03179786651183
0.48740104788370747,-1.6456153724467524,-1.3996125579364807,-0.5632004515143433,-0.8350981236995606,-2.7225362618292457,-0.8747817076388207,0.516773641146548,-4.690291721136155,4.172359420041941,4.136543519655081,6.230777094144599,5.280667805841583,0.14532182456106613,-0.39026171635613194,1.0673044574576755,-2.646397795086328,0.3997689957248769,-1.2582544218452474,4.35830505908497
0.547207204703636,2.0004204566365607,-3.1531795958849815,0.189642503188032,0.4504781374605573,-3.447914635467619,-0.7331954967489996,-0.011549733167409038,-3.7007919779841525,1.4363419546071348,4.256512246243062,3.362315006284975,5.738368273075979,0.5296021478012942,-2.508623184628813,4.651377163689545,-4.371741432383675,1.4008432765582266,-0.7138915596575657,1.197722996207955
1.6326642036470027,1.0419869044940433,-3.968830879637774,0.013132819748441382,-1.6048774435303257,-0.5757052099063755,-0.7891241267343321,-0.6944978186219912,-3.7473718902282944,4.907896014951707,4.851702941776407,2.9408478017616426,6.301110447211994,1.9224587364104135,-2.0639724355258524,2.568604964124344,-5.816070539848289,0.133886229760765,-0.43825761917284306,2.6786122148074236
1.1204069561699206,3.4781345372759453,-2.3069409880834355,-0.027399342371778546,0.35243871686651806,-2.189989479946423,-0.8080012685106329,-0.5481482368943694,-3.83585034266713,3.8332877773189438,4.300977390431964,-3.7319491899754276,4.750241434308295,-0.6918280232641247,-1.7733687490034997,25.666236929808992,-2.008197013756235,-0.9102778974002133,-0.6083553815779614,2.978823901368982
0.5219881022232813,2.702921966765228,-4.063113803137667,-0.05704311761422254,0.2845871058420508,-3.065938943912578,-0.7864233603866524,1.5402142511888393,-4.838323474102818,2.89355741912859,4.577966868846492,5.647994373788808,5.642452446177985,-0.4526276563148829,-2.8149161430949414,12.588992014035219,-6.530791509979486,-1.0850641511634973,-0.7364533740972191,2.5208126719376494
0.922230073417914,-0.4016145398536741,-2.9185038854000442,-0.16877661705359276,2.8855458393407742,-3.585828189515577,-0.7974354546247443,0.2553383810179546,-5.2960750296166506,4.032494658168033,4.669228382398016,6.246218109665275,5.337824881802187,-0.2610688228809671,-0.7691690529055522,1.2715160386580204,-4.644845379897735,-16.59469152220231,1.7289534456679219,1.3805094885052442
1.5297236271164267,2.055208070360215,-3.130856566646034,0.16213728826008333,2.742403964717051,-1.7136625564390053,-0.7197018961014311,0.2654338878167455,-4.338892504698895,3.674218916171792,4.6358975323258464,5.20542540793344,4.681262457774296,0.8376110506499805,-0.23305909862885033,6.180438349315035,-4.198412877933235,-11.073084847602187,1.3129018406089565,3.124497825826062
1.6743342342828667,1.4518982330085464,-2.9919357097048898,0.16378576810428047,-1.0339488147068678,-2.572364960868989,-0.8734007421569943,1.1075125615023436,-4.540777065228288,6.266753753478056,4.203959691073731,5.696385194241052,6.177690951532049,1.0487708269677338,-1.9082287444676795,3.132430784418248,-7.578039069902807,-0.4333810271545003,0.12412425332069374,5.980329668619001
0.7058323455330544,0.08782747369544919,-3.181430226916712,0.0986308602624476,-0.9197047934026402,-1.618112694560505,-0.8453981992474505,1.3210905887364301,-5.107169933932646,5.119458168711602,3.954688931542045,8.350147404609222,5.8008531620024355,-0.09436392997215963,-0.8125132097827064,1.4063519385067238,-1.7791473251924987,0.7577964084772377,0.5157426525696085,3.1745209357473927
0.727707660423363,0.43960537934363997,-3.9455248991202554,-0.22815301602115962,-0.8497552297219765,-3.149955204162095,-0.810035910579736,0.15810901849006687,-3.6798566684707392,3.8198799900534706,4.244000670234859,1.3164498095609365,6.372674373645312,0.46360384513076636,-2.627377451775173,-0.9478953560709795,-6.964505154324658,-0.6803806540105817,-0.10080317038693722,5.3149828114876225
1.1512680620462152,2.586691237135157,-5.293369224610014,-0.37129625190401655,-3.9351677160953358,-3.3427388205104887,-0.8752930115965536,1.1486464034618131,-3.918429632846469,3.5083374300624444,4.162396681872751,7.124741012589475,5.124928383238178,0.30349395544232344,-1.6383245216573843,9.561076471370747,-11.345527283113972,-0.5344781939955014,-0.6587065365055601,3.1137646926583646
1.879222839175939,0.25294353591207797,-4.885542864270236,-0.17452458568427404,-0.007191958012983668,-1.2841282224066795,-0.7179366382162958,0.08733182300726705,-4.327051548363474,6.351560256097052,4.806722620227577,-0.4544285916071553,5.709512408556333,0.2766995867745879,-1.168417443927189,1.7890973181638616,-10.701850415323435,-1.5126021158821907,-2.003603301409483,5.452661897280047
0.997107383658461,2.1770850115413998,-3.876893336873292,0.14130213643087286,0.28755134941468097,-1.3152852261878047,-0.7696192700229878,4.319582423124258,-4.02116272894582,3.366356195276441,3.9661230590193846,0.8012467118659603,4.581502289219424,0.9122566275772503,-4.837844677282643,7.887920235194364,-6.8948886788047945,-2.675763912747942,2.6291233166299945,3.4817373870183728
1.4080186702478603,1.6150506358708123,-4.2326140765963896,-0.5052151492889739,-2.559666868439183,-2.660172776991569,-0.8688513531313699,-0.28084404584914746,-6.622987767818522,5.122346680241769,4.634734135922474,4.2784749661504975,5.861405918310981,-0.9160603731109109,-4.441658188476218,2.6845078914598184,-7.549373980906366,0.11905403267284798,-0.057188794307411056,4.435560934136458
0.7063636519215641,1.1303248390717355,-1.8761329993617637,0.18856687803301786,-3.255813996234843,-3.4348259967352535,-0.8247391742805867,-0.26554854386101856,-5.091500389442819,4.43118631661375,5.2183638728751625,4.463241940923269,4.970575040462551,-0.3533246620732825,-3.0171071017626927,3.7979848987221483,-1.868526553465571,0.01945312320879769,-1.20169509385516,3.8125908212997937
1.715334974567649,0.708432876662996,-4.970133060870616,-0.12068562234878005,1.6506125498337112,-4.804751198908601,-0.8408423672515102,1.5345004041561423,-4.482141649923691,3.1082289843646387,4.417167189153851,3.872944281170284,6.647242886733858,0.09450062804878272,-3.6609421357889773,2.548027120125689,-9.611015603760368,-3.923832801372889,1.2435928230964821,1.6649287241635433
1.5966430534486762,0.8254612266022533,-5.172459061041531,-0.19930210815771487,1.4472622720622321,-2.546043900990366,-0.8631632979483664,-0.6586665231041267,-4.50602881034376,3.7837162393833927,4.958519887444139,4.458491837856042,4.498856520822627,3.0872461692144273,-2.803799239959848,2.935304354175698,-7.528070923875426,-3.6279854822079254,0.38501826607952283,5.426232634942091
0.8685638746494616,0.6535907915469289,-3.359612883419403,0.000916415137417026,-0.6202705023259613,-0.8827136371967679,-0.6924967150357347,0.7548074582963193,-4.716955440125915,4.595609012609043,4.205475746813116,6.932587913072784,5.481883994685655,-0.943142760672921,-1.726117621384288,1.4395910994285184,-4.094745456693898,-1.4618246458516244,1.0139982535363552,4.17543106022345
0.9299709872177575,0.4459979515379584,-2.589248318718971,-0.6175072786737597,-0.2176721674769604,-2.321961469528469,-0.8865802809624231,0.3273766136708629,-4.750212698188214,2.8703041560076894,4.097496716983129,6.957753540180482,4.549297423810701,0.19593515785756777,-0.4021871186430961,1.947821748737827,-3.750637703084428,-0.4626812838512665,-0.2507746765972103,2.910229775464543
1.2892950184592697,2.1697553263080853,-3.4128789597142544,0.19488672372418203,2.0818409773640094,-2.176682903529087,-0.7084265725521176,0.02675858781607099,-4.434329414521736,3.016291784671676,4.3395041514243236,3.4946104961049134,6.9409642813907055,0.3456616088983082,-2.6221836446224147,10.101647663785528,-3.260806698681849,-4.776173707362671,-1.616113180133943,2.3958594255813828
1.6756045893965332,0.48430758654011463,-0.9683112723919076,0.0503631333591118,-0.5899777261992959,-2.582623945109348,-0.8294108452199371,0.6022352934370503,-3.9713291082775273,4.653067476104679,4.128808647355442,5.924714962349821,5.240928340890296,0.43088321329558377,-0.5581195823337424,0.8993512439024272,-1.8285426631461075,1.0282630464839106,0.8220632629748922,4.150426867079793
1.3063274648165917,2.2108462810923655,-5.144085648770948,-0.6089185891062259,-2.2459562639337403,-2.1211023206332453,-0.8729837646619131,2.8194333411539474,-4.345211671947541,5.338146805691718,3.8889810616559406,8.498987248757864,5.863168226505156,0.2976545498070069,-2.166439207477381,7.5563611475306365,-12.412568943674733,-0.9383969465899326,1.0620201015068278,4.5798046922853
1.2378470499273506,3.095631234083055,-3.0010233561804287,-0.4358508643593451,-2.062977480577355,-2.3230262494661313,-0.7727596352986239,0.9410887668977743,-4.849313767179625,3.4585645945834287,4.842599153576039,5.984668270911703,5.592803373929182,0.4143363395126362,-2.953402148927819,17.587023382842556,-2.343668581480845,0.7014488164394796,-1.1258181427135687,2.617203311582469
0.518662187451925,0.4764535635221887,-3.301407396919606,-0.6108306520125185,-2.0033991970467726,-1.844974874698548,-0.7561573146037464,1.6046833244798377,-4.2927339291619875,3.2162888124655074,4.1056287238157845,7.407810271412075,5.29846454771757,0.6866190837740835,-2.2322729196931523,1.6555383637568684,-6.513283578408914,-0.7199922841821214,0.5127304345825456,4.301324696677696
1.9121373318218609,2.0932038407696107,-2.172113208466745,-0.06250641678426638,-2.0356194007495545,-2.2580175196595706,-0.7589313674681757,0.11052877761909508,-4.540032276814957,4.0914977575807665,5.120577282733407,5.235944942238852,6.103828636188357,-0.19094389175452897,-1.902316630056803,5.0842962631023685,-2.544838713677982,1.4769464518734579,0.12456173325539592,3.5457074894703218
0.9888246167123574,1.8542513906542897,-0.7211552867873152,-0.1167092242090052,4.107530948390481,-1.5564361113034635,-0.8802606543685403,0.8276232065792919,-4.266091318946335,2.503739904171513,4.212504185490618,10.824012350953886,6.069338499374306,-0.17290146762795422,-1.6374772439494882,4.685128369690996,-0.3796541188960959,-48.550536104723506,-0.5550617984998659,1.8004404661952793
1.6317132375951118,3.3577321896275034,-2.507589092189931,-0.6067378707906984,4.08306019931387,-2.630195771569162,-0.8253753489390769,1.8076123463769704,-4.087311986339596,5.158136396384765,3.936287105517572,5.452181305041442,4.930727821583313,1.0087593470292635,-2.0439868826520295,23.052363668288933,-3.373895517450718,-48.62251394386355,0.26533840828057437,3.277869513523994
1.0345310118779696,-1.3648515122698033,-6.087382078198756,-0.31331536626828027,1.6615490616841955,-3.0999342105774836,-0.7616359145828536,1.438118519794923,-4.140998424867476,3.8591853351657806,4.278378521491316,0.42254809674007987,5.469851511028202,-1.0574124483589615,-3.6191418923439205,0.6428794587993782,-18.713191810696333,-5.333023896001033,-1.1951516959804842,2.7872988099607134
0.7440108610219465,2.9195543644641884,-3.9708111364504983,-0.4833501405386524,2.132021233758221,-4.952218185496156,-0.8440714677710884,-0.11666212934131592,-3.716418649805764,5.096012008911847,4.704593515280872,2.955109429107728,5.740229023818929,0.8258631051166498,-4.900943125498569,14.447527051452413,-6.295705825938858,-6.414901617602383,-0.5952334566822561,3.1011601780265723
0.8034618258213411,-0.09467138340834014,-1.987859904029747,0.10456974741406444,-4.278476779638947,-2.881069089996776,-0.8068288595053561,1.0764906745991278,-4.426949461141892,3.838891842207095,3.9112241014601983,2.787896687558935,5.408608343348274,1.2464588266955838,-2.3995163446210777,-0.15373095978317763,-1.1340304481368413,1.2255835265148671,-0.22722286035085115,5.000447070819641
1.5045625634816107,2.701383371186794,-1.9847944586290371,0.043541707589735634,-0.673196896938943,-2.838438993751143,-0.747360849690236,-0.5832222527596924,-4.1802756086626305,4.716845676850964,3.888023269025836,1.5813320454025432,5.1940505412691325,1.6479316442315781,-1.9541920526917265,12.305703591398194,-1.312686259101216,-1.2708124448449007,-0.06303040444714497,3.912940893349452
0.8473040305988833,2.653721473567951,-3.814373722247006,-0.09575530147205336,-1.7427821180940701,-1.6435685417851587,-0.8229798689084361,1.3709248407873322,-4.00977874437614,3.1222185479903053,4.296859660971172,-0.9374342101568569,4.500255963859049,-0.33961960661568646,-3.5983579012167186,10.575467813478138,-4.490002544072425,0.7622052246412651,-0.13679319766797188,2.446364902280039
1.5723205810176648,-0.08672921293933511,-2.8340944487484214,-0.11185687610140849,-0.9731283217837772,-3.91059576177953,-0.7758611183507083,-0.2011081071010704,-2.682254699360394,3.476385198805683,4.624399506220683,5.21442254743183,4.945790737456558,-0.7883938222947282,-1.755674131020183,1.6047978000940561,-3.9236029607534726,0.586120211932468,1.5912754309624328,2.7619745195711976
0.8095783101432201,1.5237268413867517,-3.574405216154834,-0.5786041266404821,-2.074255213888904,-5.5044853247717445,-0.7269439330546966,1.2714898731656326,-4.334259757724442,3.850540855036762,4.845625998940838,6.2293911132175745,6.206709314387678,0.9594026153487876,-4.635556444718885,3.2019563456250335,-8.559919102030936,-0.307594472724105,0.8886656766930758,1.8165567708759702
1.1077909062686373,1.7880196655200966,-2.246712333536021,0.12388258321941492,0.32213240551028965,-2.769034145893792,-0.7588328110825752,0.9812229731632023,-4.284649697251597,4.29539119044128,4.2200048173661395,4.861575373389053,5.9776009536610655,0.4308308073375911,-1.0428175133960305,4.662208743834761,-2.8613655440682355,-1.0984473468150198,1.2046162512848366,5.486988488686942
0.7915549695815447,1.3074826538293347,-1.2187003584653664,0.057661460173342616,-2.481198882519272,-2.6242844584758864,-0.8245882142130909,1.523406430689508,-3.79241396549378,2.848807574856565,4.177473736987693,4.8254067219959325,5.415008741323645,0.5054826335184859,-4.972291227798665,3.3465876756371533,-1.1255278008326624,0.7541097555867535,-0.3071673687536975,1.0418061804024776
0.9028869483146158,1.7352016270539896,-2.520759028634288,-0.17528480270229146,2.223082206865753,-4.640653832102922,-0.8097510650732088,1.2010539138834253,-5.419279001985873,6.280477284234093,4.333181718844421,10.838466194508495,5.134122231697221,2.136205252192202,-5.299451597488926,6.012794375303903,-1.7828439708442447,-8.275651517521894,1.044416879770018,4.8132340310378465
1.2421289209349624,2.73190452673839,-4.9834717284377374,-0.11142237640066333,-2.061949503339851,-2.8766959442958533,-0.8823337282402859,-0.09048280719221347,-4.471984013827914,3.7135216198678314,4.531910799104808,7.1410838231236,4.536477791215505,2.339608612360509,-3.130399976091733,11.69437582796018,-6.734512080246391,0.5709781033474692,0.10472597563033309,3.327262056220345
1.421196566844591,0.5936986793608298,-1.521548369942977,-0.14464336282590418,-0.26463555232310904,-1.9922562047139818,-0.85475095115413,-0.2717340606380515,-6.398873875585291,4.281122311053573,4.037719934955276,5.588633041152638,6.9345209019769305,1.1100218613471975,-2.0796246689205846,1.5620763481274387,-1.1263405051027735,-1.912669519322272,-0.20545018508006657,4.149831561736219
1.5812425437688655,3.2908078621496335,-2.6858750725435847,-0.013524308659061846,-2.939238107898099,-2.409729568242472,-0.8428020898265531,0.650842218624262,-5.748518778205489,2.670930827107442,3.9448161483688935,3.1584814141787296,4.9308931094857975,2.262652589262226,-5.132801856245039,20.969759192366,-2.600898484271993,1.260881441908004,-0.7117555650830552,2.3054422903928
0.6780640147481708,0.3375493297169285,-2.279751542963686,-0.14577966574139983,0.6259506338256209,-4.792393280431318,-0.8262210282815762,-0.015252491642415711,-3.3576140698847734,2.4312624141364187,4.3141185266322495,3.9026026720813727,5.021522033939821,0.7270478718407772,-0.9313811088067231,1.7446592474101275,-2.45241623698635,-5.479859135017627,0.696963880113392,4.514149704955344
1.3075726665276985,2.079188752129467,-3.5771122303402834,-0.5966271300117586,-1.148471855476633,-1.6715936887939562,-0.790867674494339,-0.23855807969673715,-3.5816541145902923,3.1456704713309107,4.272188418538116,6.0452580248203365,4.8309063907130945,0.1672119748147538,-4.071670865219116,6.818619556101975,-4.117127396790645,-3.1220773821696435,2.6314841015156887,2.4893222331314493
1.7479399601715309,0.2600050491889567,-4.316912987885775,-0.2864275888340785,-1.1761407663463312,-3.7566553369384814,-0.775679701593874,0.436523664771882,-5.121746267788936,4.147088912070143,4.088714552993111,5.162680098653911,6.749201654887379,-0.016423988357660874,-2.9454342585905526,1.9492993205891114,-7.35724119041587,-3.3606986317803127,-0.8066711568829394,3.2791234378536336
1.070863413190195,0.7456202340685582,-2.603417715887856,-0.1653574222429114,-2.7726913914345634,-2.236602785452434,-0.8821139907984734,0.6782180826584996,-5.233391087907979,4.037840344487661,4.412112242119608,7.577082578922466,5.470636198316615,-0.757966682534062,-0.16050681833220115,1.3400703080732101,-2.5250054020337225,-0.5736170855255265,1.2859929303837951,3.2709515066190655
1.7518678087296082,0.31260242694471607,-3.9368533266712893,0.21037710213785032,-2.130855484025384,-2.9443577024474243,-0.81522835437186,0.37977714365461157,-4.009247009883642,2.4674964161174957,4.049178069583521,5.353551502739647,4.511905151545668,1.794465219782132,-2.828815859243337,0.2716513236070107,-8.106957958158729,-0.043550035126801195,0.8594651646246755,1.945680530288532
1.1345482667278528,-1.2129185854115314,-4.0112030676991175,-0.03435232516539599,-0.7506226400367064,-0.9295465208607667,-0.722294341435467,3.4691389432598547,-4.499337792892607,4.822377866921303,4.238718523400014,4.095162151141762,6.400398459984978,0.13072220320081307,-4.565122639178402,-0.13443597363031212,-8.718722349281377,0.36711769324506716,-0.9402986954015599,5.016721695711119
1.7658499916266992,0.9370378508281825,-4.614675506467853,-0.24208108721829608,1.146599905354085,-2.4529420542567446,-0.8159958342562306,0.4546512094265305,-4.3373576457160405,4.3067034417165635,5.121307217250632,4.834188350618249,5.483090202905239,-0.6540367983154672,-3.2962042674249363,1.1050564015608093,-9.054937134228085,-2.4117040629664523,1.976077863619132,3.148856101889881
1.3432668841033109,1.5096386939245068,-1.817280768524953,-0.00185555884505606,-0.19707640317273195,-2.543610891706315,-0.8686577950745201,2.20546490756949,-5.494710801039652,4.844494329060726,4.624659243104625,10.228854442251041,6.676321394074795,0.405492280165072,-1.188317574823264,4.13592585933729,-0.6632209660534385,0.882119720727131,0.032053918885523086,3.2874073376961146
1.2355166172571512,2.2681134348516863,-2.9176449419317203,-0.6126521900670178,1.003814602453357,-3.267365117062363,-0.7550137492147906,0.7969207503378162,-3.8275596171780273,3.2486004872000502,4.776524934726529,4.2086249275351015,5.142115532695751,0.8750884735625861,-2.4240752561725047,8.510987706714406,-2.7371409849972377,-2.974045378894001,-1.3665489532090256,4.769770332162091
1.5209206429963418,1.0110296978480635,-2.3462141534540977,-0.2778860499110051,-2.899130805630096,-2.2901699338072468,-0.6906052520933962,1.8994403686028551,-4.716742415899665,2.363895543941605,4.6511028362225915,7.927395364790943,6.303615531809427,0.7709316007445659,-4.029621430853775,3.020242896808244,-1.0152403346738765,-0.05827406604884747,-2.001552134107726,0.032644344396378866
1.5680711688210667,1.4761722325903919,-1.1642351530717179,-0.2716299797454086,0.19794602842876163,-2.905130075257581,-0.8428873212524319,0.3363881065923737,-4.694793673545609,3.022409592346167,4.2801150233238126,2.0785236101941975,4.5911065039897885,-0.09917348748763744,-0.9662358595077805,2.8984423352446367,0.19479818643194735,-0.9691355977524736,0.10152458160824286,0.7198471521432139
0.7963555666480119,2.4609830682886393,-1.6413952566019054,-0.12402859050022991,-2.043296227047899,-3.401036385557227,-0.8533550224433404,0.08954500788158337,-4.599351986016297,4.820537541787399,4.177183367688429,4.248919616212314,4.8118635057674535,0.7142154977797469,-0.03654014813977069,10.02636975653502,-0.05698747507945612,-1.1976341803390311,1.2658643167458372,4.163602820165089
0.8889113651430741,1.2871023247460789,-2.3482014931560817,-0.3963280883181546,0.9091445752115939,-3.4180655729986924,-0.7612146496567128,0.19829505138452497,-4.69209344186614,4.137932223611839,4.63294424000615,3.397571893745809,5.54045370874616,0.5803760541212247,-0.8497674788998891,3.1061723155727377,-1.1878792605833013,-1.4637585135089006,1.4830499970052229,3.7748214640678373
1.8142124432158693,1.8038451482189823,-4.300644907654142,-0.46673229702255103,0.6020863483891483,-4.379076207913057,-0.7857493870807406,1.3035648626840755,-4.911887414052392,3.5625743912232206,4.542106204475669,4.2557267215317,5.388491905461174,-1.2736208130754791,-3.5101154481496497,3.702605007332358,-7.963423588125873,-0.570549756949405,0.13108989107898014,2.3474532322073625
0.7882982225744686,1.5414229943883841,-2.481001279263173,-0.3010391555218689,-4.940603967829619,-3.1540313697643185,-0.8617834684529863,1.078464654502909,-4.882219785807584,3.596340702578366,4.310127730586356,0.48807309394775267,5.888794509965197,-0.14541525012963447,-5.027171130251384,5.691900930139949,-2.282555239974201,-0.840945548447463,-1.513779165484405,4.583827301391112
0.7753954194991546,2.420920646653995,-1.9416707311125614,-0.1996019410147989,-4.6993863986975155,-3.986680834419234,-0.8371571730539532,1.246501042936813,-4.411374091672599,3.719117316841164,3.9597773491479695,5.305170196727694,5.296011405979789,3.8212987328506864,-2.6192599222391566,7.451228368029753,-0.07656243512863381,-0.22321175016275974,-3.0622393376380295,3.10575852170769
1.1050472656303274,2.065247901294833,-2.928843539177135,-0.3198754304228773,-0.5406973784943983,-4.000822453327615,-0.7538177791245686,-0.35546558679509843,-4.818780415014912,2.7520872501731386,4.062121253782315,2.939211913882195,5.300699089029303,-0.4305460111057501,-1.300975470354672,5.967885972356045,-2.6962132042795397,1.7636904126159125,0.3554677606003877,2.9346163049942415
0.8461179296269254,0.003790178509287312,-2.931022155592544,-0.1446835138537228,2.9411794960418907,-3.7073667074046788,-0.7178098021560945,0.4430599582642527,-4.495712179043536,5.200974347873033,3.9811141530071965,6.19672099030187,5.8595158706207116,-1.3623989760012953,-3.7536259115046846,1.2150192481676267,-3.885536481173126,-15.750535691847386,-0.5918846400833329,7.894722042886034
0.8272162914888628,0.9346630167686474,-1.2313145907879104,-0.0027843470368499323,-1.0201834557081833,-3.2999006885711326,-0.8720665654487656,0.3371239622097446,-4.728458116596924,2.660035054960928,4.055007947461223,5.323082780372423,4.947834745706369,-2.5691794951351716,-1.941072224485059,1.9504044026993552,-0.037382771009014104,0.031077688086304074,-4.799347209554737,-0.42774789567776583
0.8940989024519015,-0.1130610372746026,-3.864205829308445,-0.054306310694745674,-0.021022466539574403,-2.053698434698777,-0.8328854341342273,0.2223827402913865,-5.005403904962255,3.396498352110659,3.9554118679881896,4.060940538508495,5.687812509738137,-2.621261747674703,-1.7425097357437829,-0.05697259229504448,-4.649127433236492,0.8676378556472584,5.937478547498119,5.7720684084366365
0.7384521791016163,0.8972534004529401,-3.9569370432111803,0.007837216168867345,2.2426371799650417,-2.2964241788853563,-0.7269877006717104,3.1106683039899425,-4.3310276789808855,2.755449829742691,4.477506349116115,6.225002613173666,4.44470915588999,2.366978746605939,-4.732970795846065,1.8358399758206412,-7.7865520828494095,-7.708994842195132,-0.9758585771436767,2.2750153915866167
1.8128044488357231,1.0808212220030744,-2.194099299986598,-0.1609496476756866,-0.26270941586191154,-2.9162721610828144,-0.8229181269489845,1.0096670429427261,-4.55502672227601,4.002406029550213,4.275443106921603,5.1292534622843915,4.922129224035146,0.3218308909979458,-1.8576135831331633,1.5186233642391662,-2.5870341455426944,0.06774444820342551,0.0943351890250823,3.103691403160298
0.7857247622774379,2.06369397356124,-4.448128440441705,-0.33447373644374695,-0.23458607370273293,-0.7281171922188148,-0.8692968204950839,-0.44158927771559886,-4.39181212819477,5.00307841791886,4.332309971166328,4.543760933939945,4.828537788020878,-1.3313887301095444,-3.595479405892857,5.550839056565256,-8.08711273797887,-1.5300552803596421,0.1423999044458657,3.880236362908246
1.7000155691753946,0.9723891966486609,-3.0303267587199776,0.0829366580329598,1.702944992507434,-2.6794146993605925,-0.8873554832741439,1.0184888282081537,-2.617641288201299,4.509640836183147,3.8425196041161738,3.10013000358254,4.947284275025595,0.5629233677803696,-0.1185543019423072,0.36271050511041936,-3.7218503865897175,-5.329095593152112,-0.05399811120051566,3.4460042254877608
0.6700416347284432,1.565290435511408,-1.6247700076407594,-0.331689171898012,-1.7305059925673567,-3.9111401293666574,-0.7236569643158369,1.1196345931535974,-4.212962088699101,4.375965548032001,4.2692702373430285,4.9641337262832606,5.068047382985243,-1.1655345083060462,-2.2117411913257836,2.5230799233604277,0.9921580695996493,2.0918274684190066,0.40498074123504896,7.150415175479045
0.891345678611986,2.637130115748342,-5.1262103680961175,-0.5702997059622195,1.3388340963755876,-1.6193535548227964,-0.7424953629413505,0.531083923570681,-5.62020973584772,4.223149728159858,4.826777213570002,3.166428232190588,4.578955305619176,0.90693791852914,-5.896738276972934,10.935560838997796,-10.473275685129185,-2.753935890338194,-2.410552064592826,5.448875351053855
1.7443125019445382,2.264913635341214,-2.9904207290305527,0.017586832366470184,-0.5881270102005879,-4.089575686521355,-0.7028717805683743,1.5217286435485606,-4.363654317432457,3.0991506479584117,4.548421391692612,4.24743007920117,4.8632930378602275,2.1360358405784385,-2.8191060627128164,7.600191358845409,-3.392553625024849,-1.6989091577128725,0.3948595737475291,3.9112918080291825
0.6672034931822668,0.8091188769191591,-5.776310121501881,0.13160400476166367,-1.8163788347266647,-4.2755215824975,-0.7645945397613003,-0.9125260792434907,-3.8602681933565566,3.6714286740185837,4.028544460335407,2.661571261285264,5.303726312031446,0.485676768895858,-6.076278901444952,0.09739984739005902,-11.187082238903304,0.5079827511536277,0.9730052620259174,2.623064622284409
1.3331486401836756,3.2202316299874347,-2.451132844134675,-0.24214258276576833,4.091950735882672,-2.0121788966751692,-0.711947655182717,0.07371836622056449,-3.9304733433549037,2.835573831608275,4.593791286835899,4.627060055509893,5.424290825429222,1.9781933921660726,-3.4538868465523014,18.72823901806313,-1.2255580367991084,-48.17938914688279,-0.4400035674732712,2.1033210334757175
